tree
version=v4
num_class=1
num_tree_per_iteration=1
label_index=0
max_feature_idx=33
objective=regression
feature_names=Column_0 Column_1 Column_2 Column_3 Column_4 Column_5 Column_6 Column_7 Column_8 Column_9 Column_10 Column_11 Column_12 Column_13 Column_14 Column_15 Column_16 Column_17 Column_18 Column_19 Column_20 Column_21 Column_22 Column_23 Column_24 Column_25 Column_26 Column_27 Column_28 Column_29 Column_30 Column_31 Column_32 Column_33
feature_infos=[-1.056964635848999:0.48779439926147461] [-4.1209239959716797:0.74997055530548096] [-0.11188590526580811:0.13687151670455933] [-0.10048085451126099:0.15692850947380066] [-0.20158103108406067:0.47218838334083557] [-4.0158696174621582:4.4148941040039062] [-16:0] [-0.42303618788719177:0] [-10.72308349609375:-0.0034432073589414358] [-3.4266149997711182:-0.013721644878387451] [-1:1] [-0.083798855543136597:0] [-23.142679214477539:-7.611177921295166] [-19.45045280456543:-5.8052029609680176] [-6.6806416511535645:0.71334981918334961] [-0.12240695953369141:0.90466606616973877] [-0.73777669668197632:1.1664085388183594] [-0.83558398485183716:3.8637986183166504] [-0.92586225271224976:0] [-24.789472579956055:0] [-6.59521484375:0.89390450716018677] [-1:0] [-39:0] [-14.89865779876709:-0.0012750033056363463] [-41:0] [-1:0] [0:13] [-0.10033726692199707:0.76671123504638672] [-1.5470935106277466:2.5912313461303711] [-2.7667229175567627:9.5497369766235352] [-2.0401544570922852:2.1815192699432373] [9.3441591262817383:16.389305114746094] [1:3824] [0:1]
tree_sizes=2753 3241 2743 2747 2904 2940 3237 3125 3227 2947 3148 2835 2848 3235 2845 3048 2850 3059 3245 3135 3250 3257 3054 2827 3218 3248 3211 3138

Tree=0
num_leaves=26
num_cat=0
split_feature=4 6 1 12 0 16 12 16 23 19 0 16 24 12 0 18 16 2 1 27 2 0 16 29 18
split_gain=2714.62 2345.82 991.866 677.962 648.859 454.068 428.775 458.21 383.842 365.066 212.74 202.262 213.479 199.579 157.245 132.848 98.9812 93.7678 78.8527 63.4432 44.3087 39.7695 50.87 20.8278 3.85601
threshold=1.0000000180025095e-35 -1.0000000180025095e-35 -0.11369013786315917 -16.437147140502926 -0.26674902439117426 -0.233374148607254 -12.668993949890135 -0.26814237236976618 -2.2612673044204707 -0.049278127029538148 -0.042151987552642815 -0.15688096731901166 -3.4999999999999996 -16.953179359436032 -0.058577775955200188 -0.093255639076232896 -0.023406748659908768 -0.0027028605109080668 -0.46341681480407709 0.073731865733861937 0.001697002328000963 0.19484496116638186 -0.28217040002346033 0.2916186004877091 -0.45341154932975763
decision_type=8 2 10 8 10 10 10 8 10 8 10 8 2 8 10 10 8 10 10 10 10 8 10 8 10
left_child=1 2 4 11 18 21 7 19 14 -9 -10 23 16 20 -6 -14 -13 -15 -1 -5 -7 22 -4 24 -3
right_child=-2 3 5 6 8 13 -8 9 10 -11 -12 12 15 17 -16 -17 -18 -19 -20 -21 -22 -23 -24 -25 -26
leaf_value=-0.018362477277213501 -0.033928670435349771 -0.0013985539680743204 0.0036505541902879433 -0.0011354308751231898 -0.012598679890831231 -0.0092574060869059591 -0.01395623516608808 -0.001993489223253762 -0.006955620078010245 -0.0036077417466603172 -0.0042542056451814712 -0.0047763519335448836 -0.004352966145580099 -0.0046686490589637683 -0.0077193785928920226 -0.00092340464098321275 -0.0079872744318924896 -0.0031932793602871342 -0.010160615694400884 0.0032335394911289744 -0.0039774463587082349 -0.0022013583356230121 -0.00053302042266423428 -0.0025408779319579999 0.0011723360255688768
leaf_weight=4155 2040 2067 6541 4582 10070 7609 2253 1080438 54053 142155 52763 16664 72595 73165 20140 11293 20736 83428 3707 15614 2179 3121 6076 3178 4504
leaf_count=4155 2040 2067 6541 4582 10070 7609 2253 1080438 54053 142155 52763 16664 72595 73165 20140 11293 20736 83428 3707 15614 2179 3121 6076 3178 4504
internal_value=-0.0029379 -0.00289152 -0.00517332 -0.00234844 -0.00702186 -0.00369391 -0.00213216 -0.00210606 -0.00650799 -0.00218162 -0.00563633 -0.00439647 -0.00473404 -0.00415941 -0.00948625 -0.00387847 -0.00660754 -0.00388781 -0.0151937 0.00232452 -0.00821838 0.00109458 0.00182753 -0.000343701 0.000572694
internal_weight=1.70513e+06 1.70309e+06 327007 1.37608e+06 144888 182119 1.24504e+06 1.24279e+06 137026 1.22259e+06 106816 131037 121288 166381 30210 83888 37400 156593 7862 20196 9788 15738 12617 9749 6571
internal_count=1705126 1703086 327007 1376079 144888 182119 1245042 1242789 137026 1222593 106816 131037 121288 166381 30210 83888 37400 156593 7862 20196 9788 15738 12617 9749 6571
is_linear=0
shrinkage=1


Tree=1
num_leaves=31
num_cat=0
split_feature=13 0 9 11 16 16 8 8 19 13 16 11 0 8 15 17 29 20 16 4 27 24 0 16 23 15 17 31 8 16
split_gain=2465.57 1486.85 809.414 724.268 630.597 556.179 481.481 438.227 387.732 378.994 302.754 292.657 263.146 206.552 160.842 136.827 135.629 133.39 101.032 97.2297 94.0477 90.1119 80.5613 68.7601 71.2784 61.2179 58.4062 44.1131 42.9828 33.6135
threshold=-12.870800971984862 -0.13697075843811032 -0.56006106734275807 -0.005726905306801199 -0.093479003757238374 -0.26814237236976618 -3.0967004299163814 -2.4653966426849361 -0.0032354212598875161 -11.76980400085449 -0.043853726238012307 -0.020698716863989827 0.0037334263324737553 -2.3743073940277095 -0.024154126644134518 -0.075957357883453355 0.11762226745486261 -0.10426598787307738 -0.11701254919171332 -0.055148093029856675 0.07592471688985826 -3.4999999999999996 0.02636787295341492 -0.1617259085178375 -1.6524960398674009 -0.01316016912460327 0.42172574996948248 12.591202259063722 -0.64988845586776722 0.071971584111452117
decision_type=10 10 10 10 8 10 10 10 10 10 10 10 10 10 10 10 8 10 10 10 10 2 10 10 10 10 10 8 10 8
left_child=4 3 8 7 23 20 -6 21 13 17 -11 12 29 19 -9 -15 26 -7 -16 -3 27 -2 -18 24 -1 -23 -13 -4 -22 -8
right_child=1 2 5 -5 6 9 11 14 -10 10 -12 16 -14 15 18 -17 22 -19 -20 -21 28 25 -24 -25 -26 -27 -28 -29 -30 -31
leaf_value=-0.0016267118842945699 -0.013495509198815559 -0.0038797144130493836 0.0036493024609041708 -0.020007370053472286 -0.014503515070286931 0.0006535981761442071 -0.0056388649088603658 -0.0063039825151351165 -0.012196529114900025 0.00061581822663949923 0.0017882382026227371 -0.0027637163149919685 -0.0034665553236528941 -0.0010317291242111467 0.0024627749770737306 0.00034735165520820819 -0.0056567526383731366 -0.00049234660544431063 -0.0020105172109482388 0.00033024614793127738 0.0076222508129323227 -0.010034230129921733 -0.0025994790395342236 -0.0010892059416591627 0.0028199280396261814 -0.0035071980438634827 -0.00026189628833536374 -0.0016947665108278532 0.0040419629692842836 -0.010629987944948623
leaf_weight=3942 3309 24699 2594 2230 3735 159753 3976 6413 2194 430737 369786 49105 13040 161008 5170 107325 25801 212335 22330 5888 11259 2393 13639 15649 11801 4425 10570 2030 7691 10748
leaf_count=3942 3309 24699 2594 2230 3735 159753 3976 6413 2194 430737 369786 49105 13040 161008 5170 107325 25801 212335 22330 5888 11259 2393 13639 15649 11801 4425 10570 2030 7691 10748
internal_value=0 0.000369791 0.000534334 -0.0048972 -0.00351506 0.000884374 -0.00442966 -0.00390934 -0.000854377 0.000791038 0.00115855 -0.00407499 -0.00680522 -0.000749899 -0.00219439 -0.000479403 -0.00327687 0 -0.00112986 -0.00306737 0.00540172 -0.00925062 -0.00465279 0.000290747 0.00167223 -0.00636813 -0.00233142 0.00130819 0.00632585 -0.00953138
internal_weight=1.70558e+06 1.54357e+06 1.4973e+06 46270 162006 1.19618e+06 130614 44040 301114 1.17261e+06 800523 126879 27764 298920 33913 268333 99115 372088 27500 30587 23574 10127 39440 31392 15743 6818 59675 4624 18950 14724
internal_count=1705575 1543569 1497299 46270 162006 1196185 130614 44040 301114 1172611 800523 126879 27764 298920 33913 268333 99115 372088 27500 30587 23574 10127 39440 31392 15743 6818 59675 4624 18950 14724
is_linear=0
shrinkage=0.03


Tree=2
num_leaves=26
num_cat=0
split_feature=25 13 8 16 9 16 6 19 13 1 13 11 29 15 27 16 8 9 1 23 18 27 14 7 8
split_gain=2466.78 2218.24 1228.05 597.683 569.343 545.229 360.398 330.104 303.116 275.471 207.858 169.627 143.641 121.129 90.5993 83.0112 81.3803 59.5842 50.4791 47.0258 41.0663 35.2066 25.849 12.1476 4.61273
threshold=-1.0000000180025095e-35 -12.820794582366942 -2.4653966426849361 -0.13218434900045392 -0.51228976249694813 -0.26814237236976618 -1.4999999999999998 -0.0032354212598875161 -12.002213954925535 -0.56995189189910878 -11.946274757385252 -0.020698716863989827 0.11762226745486261 -0.013511359691619871 0.07592471688985826 0.052420606836676605 -1.723003029823303 -0.58331429958343495 -0.33635646104812617 -0.94832152128219593 -0.26771584153175348 0.1000681482255459 -2.8498389720916744 -0.050888825207948678 -2.8737926483154292
decision_type=8 10 10 8 10 8 2 8 10 10 10 10 8 10 10 10 10 10 10 10 10 10 10 8 10
left_child=1 3 6 17 7 14 18 10 -7 16 -4 15 -13 24 -6 -11 -5 -1 -3 21 -15 -19 -21 -18 -8
right_child=-2 2 4 9 5 8 13 -9 -10 11 -12 12 -14 20 -16 -17 23 19 -20 22 -22 -23 -24 -25 -26
leaf_value=-0.0024793996260068034 -0.029568448284630615 -0.013437237413322829 -0.0014988374911223412 -0.012693987508140887 0.0013463214468404574 -0.00013659560993763853 -0.0085618408977434952 -0.0099750977562177105 0.0010663932231727907 -0.0032018858521375175 6.2124430173973784e-05 -0.002047004968917731 -0.0042666172085721 -0.0032494604440840335 0.0063443534491142472 -0.006885144031040482 -0.006867264110548308 -0.00055095484160435672 -0.0071196297774357847 0.0052756704955163793 -0.00076157487193248747 0.0023749319026553275 0.0012090413466207775 -0.0026265579367374765 -0.003870805332403757
leaf_weight=2859 2037 3006 104382 3251 4520 243108 2788 2742 830741 10625 285140 69198 44834 12643 18429 17529 4408 7881 6920 3931 12386 6065 2944 2048 2053
leaf_count=2859 2037 3006 104382 3251 4520 243108 2788 2742 830741 10625 285140 69198 44834 12643 18429 17529 4408 7881 6920 3931 12386 6065 2944 2048 2053
internal_value=-8.36177e-06 3.54512e-05 0.000402729 -0.00315309 0.000542582 0.000893381 -0.00476458 -0.0004374 0.000793833 -0.00384309 -0.00035679 -0.00348141 -0.00293713 -0.00301135 0.00542244 -0.00558572 -0.00868151 0.00124839 -0.00961429 0.00182047 -0.00206907 0.000738881 0.00377497 -0.00585063 -0.00717721
internal_weight=1.70647e+06 1.70443e+06 1.52886e+06 175573 1.48906e+06 1.0968e+06 39796 392264 1.07385e+06 151893 389522 142186 114032 29870 22949 28154 9707 23680 9926 20821 25029 13946 6875 6456 4841
internal_count=1706468 1704431 1528858 175573 1489062 1096798 39796 392264 1073849 151893 389522 142186 114032 29870 22949 28154 9707 23680 9926 20821 25029 13946 6875 6456 4841
is_linear=0
shrinkage=0.03


Tree=3
num_leaves=26
num_cat=0
split_feature=4 13 8 9 16 16 6 2 13 8 0 18 15 24 2 0 32 27 4 23 0 32 24 16 0
split_gain=2373.78 2082.17 1209.76 554.552 565.514 499.476 364.821 328.959 293.337 260.468 211.392 200.133 157.354 139.133 104.167 89.9222 79.6046 74.8972 43.7033 37.2265 32.5107 29.5417 29.5401 25.7535 0.0369411
threshold=1.0000000180025095e-35 -12.870800971984862 -2.4653966426849361 -0.51465147733688343 -0.26814237236976618 -0.1303976699709892 -1.4999999999999998 -0.021633690223097798 -12.002213954925535 -0.26570250093936915 0.028807759284973148 -0.27485078573226923 -0.018794417381286618 -4.4999999999999991 0.0013774961698800328 -0.15347236394882199 78.500000000000014 0.07592471688985826 -0.055148093029856675 -1.2943465709686277 -0.030240595340728756 39.500000000000007 -19.499999999999996 -0.22658324986696241 0.016308397054672245
decision_type=8 8 10 10 8 8 2 8 8 10 10 10 10 2 10 10 8 10 10 10 10 8 2 10 10
left_child=1 5 6 9 17 14 15 20 -6 11 13 -4 -8 -9 19 -3 -12 -5 -14 22 -7 -16 -1 -23 -17
right_child=-2 2 3 4 8 7 12 10 -10 -11 16 -13 18 -15 21 24 -18 -19 -20 -21 -22 23 -24 -25 -26
leaf_value=-0.00039734605519782957 -0.029182167522513434 -0.01336168872119034 -0.00091755153382201693 0.0016285484143003402 -0.00013442176798850639 -0.011388955358874573 -0.0088729263360037107 -0.0054988801829826562 0.0010278487160162361 -0.010079733936510633 -0.00066594677170022569 0.0004913162047960151 -0.0027119000692706592 -0.0029388930898697654 0.0050005177482378236 -0.0071918842836160577 -0.0031226136034410313 0.0062594740565150245 0.00017534583585684712 0.00057158007273435719 -0.0049593069879603031 0.0032996379170138258 -0.0053151945012309791 0.00032036443353297846 -0.0035384599966873614
leaf_weight=2144 2006 3814 243517 4490 254394 5170 3142 46524 834967 2019 25490 143767 21208 37335 3062 4324 22982 18827 5710 3520 2438 4279 2390 6593 2105
leaf_count=2144 2006 3814 243517 4490 254394 5170 3142 46524 834967 2019 25490 143767 21208 37335 3062 4324 22982 18827 5710 3520 2438 4279 2390 6593 2105
internal_value=-5.58203e-06 3.71345e-05 0.000377445 0.000515924 0.000856892 -0.00319351 -0.00471901 -0.00385257 0.000756216 -0.000457688 -0.00347288 -0.000393821 -0.00294817 -0.00438687 0.000980052 -0.00950886 -0.00185684 0.00543323 -0.00209647 -0.00164996 -0.00979845 0.00252551 -0.00331972 0.00161285 -0.00638062
internal_weight=1.70622e+06 1.70421e+06 1.54228e+06 1.50198e+06 1.11268e+06 161927 40303 139939 1.08936e+06 389303 132331 387284 30060 83859 21988 10243 48472 23317 26918 8054 7608 13934 4534 10872 6429
internal_count=1706217 1704211 1542284 1501981 1112678 161927 40303 139939 1089361 389303 132331 387284 30060 83859 21988 10243 48472 23317 26918 8054 7608 13934 4534 10872 6429
is_linear=0
shrinkage=0.03


Tree=4
num_leaves=28
num_cat=0
split_feature=25 13 8 9 16 16 6 13 19 2 2 0 13 15 29 2 7 32 0 20 16 9 20 20 32 7 0
split_gain=2325.17 2024.22 1176.18 581.065 465.654 433.205 407.219 373.292 281.413 211.569 198.367 165.322 161.593 142.388 135.91 114.359 87.0142 63.238 49.9707 49.1605 34.5208 32.4968 32.3403 29.0957 27.9821 27.2668 6.80796
threshold=-1.0000000180025095e-35 -12.979273796081541 -2.4653966426849361 -0.40749728679656977 -0.077418729662895189 -0.28217040002346033 -2.4999999999999996 -11.99103784561157 -1.0000000180025095e-35 -0.021633690223097798 -0.0077923967037349931 0.028807759284973148 -11.727900505065916 -0.021534264087676998 0.11762226745486261 0.00153766421135515 -0.029700192622840401 78.500000000000014 -0.12402892112731932 -0.56402987241744984 -0.14149632304906842 -0.51465147733688343 -0.17394930124282834 -0.13614851236343381 124.50000000000001 -0.050888825207948678 -0.065879464149475084
decision_type=8 10 10 10 8 8 2 8 8 10 10 10 10 10 8 10 10 8 10 10 10 10 8 10 10 8 10
left_child=1 4 6 7 15 24 18 10 -9 25 -4 14 -7 -8 -11 19 -15 -13 -3 -1 22 -21 -17 -22 -5 26 -6
right_child=-2 2 3 5 9 12 13 8 -10 11 -12 17 -14 16 -16 20 -18 -19 -20 21 23 -23 -24 -25 -26 -27 -28
leaf_value=-0.0053426731096756566 -0.028372287348284793 -0.016154008073368531 -0.0029480567962024743 0.005022887175387002 -0.013174963424560817 0.00034978422050058389 -0.0088597831001153409 0.00034852447159946853 -0.0095240833363189129 -0.0036703994499645851 -0.00068961602613695739 -0.00099138939260120986 0.0012920548398720789 -0.0039719090860503839 -0.0066242120176369535 0.00028584056504352059 -0.0008058189163404082 -0.0036304915225836981 -0.0071029323779315473 -0.0038234230364966272 0.0015553071582310265 0 0.0038769261600179938 -0.0021111930197640037 0.009301998875136273 -0.0044399162395971281 -0.0063458213802208814
leaf_weight=2976 2096 2226 44448 11667 2532 249371 3489 569050 2109 37899 163448 18203 485194 19291 26155 3895 13872 15858 2740 2266 3640 7481 5952 3158 2754 2012 2219
leaf_count=2976 2096 2226 44448 11667 2532 249371 3489 569050 2109 37899 163448 18203 485194 19291 26155 3895 13872 15858 2740 2266 3640 7481 5952 3158 2754 2012 2219
internal_value=-1.7042e-06 4.13319e-05 0.000344315 0.000480661 -0.00348718 0.00107704 -0.00460089 -9.26383e-05 0.000303247 -0.0044183 -0.00117982 -0.00401904 0.000973035 -0.003395 -0.00492313 -0.000133648 -0.00268809 -0.00226352 -0.0123215 -0.00223688 0.00147486 -0.0010449 0.00256791 -0.0001348 0.00614451 -0.00949385 -0.0109504
internal_weight=1.706e+06 1.7039e+06 1.56966e+06 1.52804e+06 134246 748986 41618 779055 571159 104878 207896 98115 734565 36652 64054 29368 33163 34061 4966 12723 16645 9747 9847 6798 14421 6763 4751
internal_count=1706001 1703905 1569659 1528041 134246 748986 41618 779055 571159 104878 207896 98115 734565 36652 64054 29368 33163 34061 4966 12723 16645 9747 9847 6798 14421 6763 4751
is_linear=0
shrinkage=0.03


Tree=5
num_leaves=28
num_cat=0
split_feature=4 13 8 9 16 16 13 1 19 1 2 24 17 8 2 27 7 9 30 8 14 1 18 17 9 2 2
split_gain=2182.05 1962.62 958.588 596.339 531.07 520.919 314.814 300.004 266.208 199.012 194.487 175.017 191.999 141.147 118.376 91.3866 58.6006 56.1523 53.5485 53.0536 28.0728 53.6009 24.2473 21.3198 19.1118 11.3194 5.53262
threshold=1.0000000180025095e-35 -12.797373771667479 -2.8737926483154292 -0.54268535971641529 -0.07527571544051169 -0.25730341672897333 -11.727900505065916 -0.56995189189910878 -0.0032354212598875161 -0.36397081613540644 -0.012783643323928116 -4.4999999999999991 0.32930262386798864 -1.4397476911544798 0.0071211112663149842 0.07592471688985826 -0.030160431750118729 -0.54844224452972401 -0.21162150055170056 -1.7742497920989988 -2.721624374389648 0.20908427238464358 -0.15454052388668058 -0.22298949211835858 -0.37736308574676508 0.00153766421135515 -0.0069233849644660941
decision_type=8 10 10 10 8 8 10 10 8 10 10 2 10 10 10 10 8 10 10 10 10 10 10 10 10 10 10
left_child=1 4 9 8 14 15 -7 19 10 -3 -4 13 -13 -9 17 -5 23 25 -19 -6 21 -16 -18 -11 -22 -1 -21
right_child=-2 2 3 5 7 6 -8 11 -10 16 -12 12 -14 -15 20 -17 22 18 -20 26 24 -23 -24 -25 -26 -27 -28
leaf_value=-0.0046661343570230072 -0.02796170484539565 -0.012522542236822365 -0.0044428120295379415 0.0013108102020510301 -0.012550344827184987 -2.5481001293065978e-05 0.0010340566348961029 -0.0068569464716368728 -0.0098233715218914407 -0.0019012004160641003 -0.00043447596187609286 -0.0028530357915957563 0.0019086969712915618 -0.0036034302741892303 0.00046494486451234009 0.0056183107004311251 -0.0029672808921786839 -0.0024717577604676743 0.00051919126030368704 -0.0072449620043230885 0.0022122035837340323 0.0062157712748410988 0.00063066161719062697 -0.0061900843995740902 -0.0012264183556666777 -0.0012822971490112993 -0.0031698345639128512
leaf_weight=3197 2012 3003 10812 6178 3100 376759 760551 16570 2331 2020 319693 49006 8568 56749 2671 22570 5098 6894 19149 4070 2875 3376 2017 10278 2013 2225 2003
leaf_count=3197 2012 3003 10812 6178 3100 376759 760551 16570 2331 2020 319693 49006 8568 56749 2671 22570 5098 6894 19149 4070 2875 3376 2017 10278 2013 2225 2003
internal_value=-2.17809e-05 1.92312e-05 0.000372349 0.000465483 -0.00291622 0.000785237 0.000682941 -0.00380391 -0.000653344 -0.00571643 -0.000573022 -0.00340639 -0.00212891 -0.00438425 1.93781e-05 0.00474111 -0.00436053 -0.000910982 -0.000292905 -0.008976 0.00264546 0.00395092 -0.00193348 -0.00561086 0.000758017 -0.00355369 -0.00628991
internal_weight=1.70579e+06 1.70378e+06 1.52131e+06 1.49889e+06 182466 1.16606e+06 1.13731e+06 140066 332836 22416 330505 130893 57574 73319 42400 28748 19413 31465 26043 9173 10935 6047 7115 12298 4888 5422 6073
internal_count=1705788 1703776 1521310 1498894 182466 1166058 1137310 140066 332836 22416 330505 130893 57574 73319 42400 28748 19413 31465 26043 9173 10935 6047 7115 12298 4888 5422 6073
is_linear=0
shrinkage=0.03


Tree=6
num_leaves=31
num_cat=0
split_feature=21 6 12 1 0 12 16 18 16 19 22 1 12 16 0 12 18 24 3 8 27 2 9 16 10 7 28 0 21 24
split_gain=2096.96 1786.89 1056.04 850.126 554.626 521.967 346.76 339.031 327.196 296.27 290.913 195.301 164.707 153.273 152.265 150.396 139.538 83.5562 83.1104 73.2704 58.6809 57.6195 57.5875 52.4257 51.8719 46.6875 37.7057 37.4185 32.8669 30.505
threshold=-1.0000000180025095e-35 -1.0000000180025095e-35 -13.97965621948242 -0.074836313724517808 -0.17898744344711301 -16.651364326477047 -0.19262676686048505 -0.11440601944923399 -0.19262676686048505 -0.034516893327236169 -13.499999999999998 -0.26406568288803095 -13.49179172515869 -0.14779078215360639 -0.0047677755355834952 -16.733046531677243 -0.089529450982809053 -3.4999999999999996 -0.0021323605906218286 -3.0967004299163814 0.065544988960027709 -0.013736389577388762 -0.51704794168472279 -0.28217040002346033 -0.20519823580980298 -0.0275712301954627 0.069386929273605361 0.19484496116638186 -0.35000000894069666 -5.4999999999999991
decision_type=2 2 8 10 10 10 10 10 8 8 2 10 10 8 10 10 10 2 8 10 10 10 10 10 8 8 8 8 2 2
left_child=1 3 -2 4 11 13 23 8 12 -10 21 19 -7 -3 -12 28 17 -15 24 -1 -17 -6 -13 27 -9 -20 -18 -5 -8 -25
right_child=2 5 -4 6 10 7 15 18 9 -11 14 22 -14 16 -16 20 26 -19 25 -21 -22 -23 -24 29 -26 -27 -28 -29 -30 -31
leaf_value=-0.014900646618142711 -0.0043085875508381407 0.0022551782037327469 -0.033315614046642697 0.0059765016469234206 -0.0074345096070114487 0.0025787034638730887 -0.0049033716950596671 -0.00086888500353107941 0.00052632735756998278 -0.0013676871051951783 -0.0029269849446107378 -0.0053929497293184686 -0.0047210667223617142 -0.0042306857228681357 -0.00078664954389588606 -0.0013400081754512136 0.0027312078810111085 -0.0018826910569904342 0.001428563076809075 -0.0080902395077235307 2.1027630015149252e-05 -0.0041952066310227557 5.9214811208563436e-06 0.0010169983685354958 0.0025097038162676727 0.0031688421406701043 -0.0015779598280097275 0.0010695146493196544 -0.0009742943220883265 0.0044374256548940332
leaf_weight=2957 2422 6866 2004 6448 10152 80783 9068 10485 1037492 79512 78301 4707 2407 22683 49714 49017 5399 39176 20468 10232 66169 17370 2531 11879 5981 61269 2165 2266 3015 2744
leaf_count=2957 2422 6866 2004 6448 10152 80783 9068 10485 1037492 79512 78301 4707 2407 22683 49714 49017 5399 39176 20468 10232 66169 17370 2531 11879 5981 61269 2165 2266 3015 2744
internal_value=-6.34282e-06 5.006e-05 -0.0195518 -0.00194281 -0.00335598 0.000524237 -0.000284065 0.000666322 0.000526756 0.000390685 -0.00272506 -0.00796574 0.00233697 -0.00187865 -0.00210442 -0.00090469 -0.00230499 -0.0027755 0.00235769 -0.0101275 -0.000558851 -0.00551212 -0.0035879 0.00303593 0.000378444 0.00274804 0.00143925 0.00486032 -0.00402449 0.00180417
internal_weight=1.70568e+06 1.70126e+06 4426 326570 175964 1.37469e+06 150606 1.2984e+06 1.20019e+06 1.117e+06 155537 20427 83190 76289 128015 127269 69423 61859 98203 13189 115186 27522 7238 23337 16466 81737 7564 8714 12083 14623
internal_count=1705682 1701256 4426 326570 175964 1374686 150606 1298397 1200194 1117004 155537 20427 83190 76289 128015 127269 69423 61859 98203 13189 115186 27522 7238 23337 16466 81737 7564 8714 12083 14623
is_linear=0
shrinkage=0.03


Tree=7
num_leaves=30
num_cat=0
split_feature=0 4 1 16 12 12 8 16 18 24 11 12 16 2 29 30 8 9 31 2 16 14 19 18 2 24 5 19 18
split_gain=1833.93 1334.46 943.697 634.671 495.602 489.819 435.091 361.439 376.495 348.045 224.962 178.61 157.246 119.977 109.495 86.7686 81.7295 80.192 77.7243 77.7202 71.5798 61.3617 34.1124 31.1095 22.503 19.8429 32.7383 19.1696 2.13313
threshold=-0.26674902439117426 -0.094242721796035753 -0.40720117092132563 -0.1617259085178375 -12.668993949890135 -16.761588096618649 -1.6534969210624693 -0.233374148607254 -0.15190181881189344 -4.4999999999999991 -0.0063153898809105149 -16.390740394592282 -0.14350491762161252 -0.014779508113861082 0.18149167299270633 -0.30371887981891627 -3.0967004299163814 -0.69436669349670399 13.525542736053469 -0.00082837193622253824 -0.233374148607254 -1.8531680703163145 -1.1652309894561765 -0.35142834484577173 0.0071211112663149842 -10.499999999999998 -0.26454813778400416 -0.16142109781503675 -0.27132135629653925
decision_type=10 10 10 10 10 8 10 8 10 2 8 10 10 10 8 10 10 8 8 10 10 10 10 10 10 2 10 10 8
left_child=2 3 10 20 5 12 9 18 -9 19 28 15 24 -13 -14 -8 -11 -4 -7 -5 21 22 -2 -19 -3 26 -22 -27 -1
right_child=1 4 17 6 -6 7 11 8 -10 16 -12 13 14 -15 -16 -17 -18 23 -20 -21 25 -23 -24 -25 -26 27 -28 -29 -30
leaf_value=-0.0066990476001950218 0.00040473317012117344 0.00065807364595651182 -0.0064698355038250105 -0.0074932024379783871 -0.012200018700883525 0.0040274913694072568 -0.0059686806934639855 0.0003738590625032666 0.0019156368733142077 -0.0049913687630931619 -0.025647038589913025 -0.0032468210140399936 -0.0017122922900979335 -0.00059925081258353882 -0.0047500754684672523 -0.0023750596609659102 -0.0019463703196106815 0.0012544608874205418 0.00028260065288446566 -0.0013623544677708471 -0.0019838938087985893 -0.00089281411113596384 0.004808224798020613 -0.0026578660144663769 0.0045558697233501798 0.0029075524497069725 0.0015595465570874549 8.0658529705135616e-05 -0.013475836333719132
leaf_weight=2027 2082 3713 2713 22305 2251 33527 7259 1108289 163358 10059 2027 16924 34689 142941 16035 40531 41932 3458 6142 2432 4295 2141 12677 2861 2041 4877 4060 4033 4146
leaf_count=2027 2082 3713 2713 22305 2251 33527 7259 1108289 163358 10059 2027 16924 34689 142941 16035 40531 41932 3458 6142 2432 4295 2141 12677 2861 2041 4877 4060 4033 4146
internal_value=1.01467e-05 0.000111075 -0.00958735 -0.00163617 0.000517994 0.000543594 -0.00210108 0.000661864 0.000572829 -0.00402793 -0.0166606 -0.0013797 -0.00217887 -0.000890654 -0.00271545 -0.00298327 -0.00258315 -0.0025971 0.00346587 -0.00694127 0.00219943 0.00356581 0.00424032 -0.000537899 0.00234233 0.000782341 -0.000237294 0.00173215 -0.0119642
internal_weight=1.70582e+06 1.68859e+06 17232 318548 1.37004e+06 1.36779e+06 284383 1.31132e+06 1.27165e+06 76728 8200 207655 56478 159865 50724 47790 51991 9032 39669 24737 34165 16900 14759 6319 5754 17265 8355 8910 6173
internal_count=1705825 1688593 17232 318548 1370045 1367794 284383 1311316 1271647 76728 8200 207655 56478 159865 50724 47790 51991 9032 39669 24737 34165 16900 14759 6319 5754 17265 8355 8910 6173
is_linear=0
shrinkage=0.03


Tree=8
num_leaves=31
num_cat=0
split_feature=4 13 0 8 16 1 18 16 4 2 13 31 0 7 18 16 8 14 11 3 4 23 16 0 19 0 30 1 24 0
split_gain=2012.62 1707.5 683.869 582.715 395.742 383.038 358.717 360.221 301.553 294.675 232.346 216.067 115.479 113.58 88.287 76.5883 74.1893 72.7678 72.2476 70.623 63.1774 55.9754 50.1142 42.6137 33.0631 29.7686 21.5311 18.0421 10.3861 8.74415
threshold=1.0000000180025095e-35 -12.513070583343504 -0.13697075843811032 -1.5762252211570738 -0.15688096731901166 -0.24134421348571775 -0.11756678298115729 -0.22076833993196485 -0.082503542304038988 -0.017048917710781094 -13.073032855987547 13.751607418060305 0.044150322675704963 -0.02716054022312164 -0.22581559419631955 -0.11856344342231749 -2.8737926483154292 -2.6786214113235469 -0.021105589345097538 0.000372701877495274 -0.10019102320075034 -1.6324515938758848 -0.26814237236976618 -0.043116271495819085 -0.73265734314918507 -0.16459327936172483 -0.10180561989545821 -0.33635646104812617 -3.4999999999999996 0.0037334263324737553
decision_type=8 10 10 10 8 10 10 8 10 10 10 8 10 10 10 10 10 8 10 10 10 10 10 10 8 8 10 10 2 10
left_child=1 3 5 9 21 17 7 11 -9 29 12 -4 -6 19 -12 25 23 27 -18 -8 -17 26 -23 -11 -15 -7 -5 -3 -19 -1
right_child=-2 2 6 4 10 15 13 8 -10 16 14 -13 -14 24 -16 20 18 28 -20 -21 -22 22 -24 -25 -26 -27 -28 -29 -30 -31
leaf_value=-0.010583967986863379 -0.026730901024566794 -0.0061559417110125143 0.0035512829957103833 -0.0027745062101762162 -0.0039339370446597414 0.0041789326923924591 -0.00036553472051975962 -0.00086856753251623802 0.00050967632901678368 -0.0091501676312216399 -0.0017598660005368203 -0.0016486584856867928 -0.0014762954789823829 0.0015494204170960844 -0.00011735000479045303 -0.0048665813386173954 -0.0065088473898838681 -0.012926240183326608 -0.0025071631740233333 0.0022869724067185668 -0.0010580700472720241 0.004555621293396951 0.0014369734000039222 -0.0028158650498580607 0.0032674148804799933 -0.00031085888046448161 0.00062720025160275541 -0.0019026760191144104 -0.0067761607390581903 -0.005072201543074327
leaf_weight=7436 2031 3230 47532 2369 55775 2129 19658 164591 1057088 3268 71635 8070 26702 14881 50597 5278 4794 2702 28935 15798 14468 6489 17824 2335 56521 2330 3445 2337 3249 2047
leaf_count=7436 2031 3230 47532 2369 55775 2129 19658 164591 1057088 3268 71635 8070 26702 14881 50597 5278 4794 2702 28935 15798 14468 6489 17824 2335 56521 2330 3445 2337 3249 2047
internal_value=1.07826e-06 4.09595e-05 0.000465815 -0.00208175 -0.00145367 -0.00360276 0.0005723 0.000431828 0.000323467 -0.00505182 -0.00192674 0.00278326 -0.00315558 0.00223875 -0.00108565 -0.0013823 -0.00380641 -0.00799244 -0.00317147 0.000823357 -0.00218593 0.00173 0.00235644 -0.00700652 0.0029268 0.00197755 -0.00082131 -0.00472384 -0.0104005 -0.00973788
internal_weight=1.70554e+06 1.70351e+06 1.41986e+06 283651 234836 35723 1.38414e+06 1.27728e+06 1.22168e+06 48815 204709 55602 82477 106858 122232 24205 39332 11518 33729 35456 19746 30127 24313 5603 71402 4459 5814 5567 5951 9483
internal_count=1705544 1703513 1419862 283651 234836 35723 1384139 1277281 1221679 48815 204709 55602 82477 106858 122232 24205 39332 11518 33729 35456 19746 30127 24313 5603 71402 4459 5814 5567 5951 9483
is_linear=0
shrinkage=0.03


Tree=9
num_leaves=28
num_cat=0
split_feature=25 13 8 8 16 16 4 19 12 13 24 2 2 15 27 20 18 2 24 19 0 8 20 28 5 8 0
split_gain=1804.07 1609.27 791.741 509.433 376.194 360.621 344.89 361.449 284.44 235.528 231.71 218.026 156.601 116.539 104.329 99.1133 86.6096 70.2822 70.1706 57.9375 52.9377 48.4402 40.4088 39.8351 26.6436 11.9479 7.51449
threshold=-1.0000000180025095e-35 -12.600508213043211 -2.4653966426849361 -1.5762252211570738 -0.13218434900045392 -0.233374148607254 -0.082503542304038988 -0.056415246799588196 -13.273291587829588 -13.039963722229002 -3.4999999999999996 -0.017048917710781094 -0.006276908563449978 -0.013511359691619871 0.07592471688985826 -1.2800117731094358 -0.1111960895359516 0.0016448855167254808 -1.4999999999999998 -0.11691857874393462 -0.11881250143051146 -3.0967004299163814 -0.38065421581268305 0.0037930120015516882 -1.3771740794181822 -1.7742497920989988 -0.13014173507690427
decision_type=8 10 10 10 8 8 8 8 10 10 2 10 10 10 10 10 10 10 2 10 10 10 10 8 10 8 10
left_child=1 3 10 11 17 8 12 -8 14 15 20 25 -7 26 -4 -6 -11 22 23 -19 -3 -15 -5 -13 -20 -1 -12
right_child=-2 2 5 4 9 6 7 -9 -10 16 13 18 -14 21 -16 -17 -18 19 24 -21 -22 -23 -24 -25 -26 -27 -28
leaf_value=-0.010192960572404623 -0.025219033990480276 -0.011631072482860627 0.0012282756267783571 -0.0029241941967691285 -0.005914903675821123 -0.0017711592970668358 0.00084197055356043311 -0.00069153326554464219 -0.006485061962253868 -0.0014560311147998101 -0.0083260863394689043 -0.0031729505107418827 -5.0017124572438728e-05 -0.0033067963658367622 0.0045234270410771426 -0.0028204928842187264 0.0010352256133146851 0.0028835061775593896 -0.0021992345075708378 -0.0018010277909429175 -0.0051996948714542607 -0.00055511935369099063 0.00062823477878418805 -0.0057349912510158401 0.0016634732020647496 -0.0046711289021896703 -0.0036584265668999113
leaf_weight=6879 2051 3138 12750 3620 11188 76785 1009084 159692 2183 73766 2460 14258 124832 9460 32368 72484 14596 19038 3918 2282 4385 15035 8943 14418 2000 2006 2246
leaf_count=6879 2051 3138 12750 3620 11188 76785 1009084 159692 2183 73766 2460 14258 124832 9460 32368 72484 14596 19038 3918 2282 4385 15035 8943 14418 2000 2006 2246
internal_value=-9.18596e-06 2.83746e-05 0.000410535 -0.00219546 -0.00156275 0.000523948 0.000434176 0.000631982 0.00308678 -0.0021317 -0.00390783 -0.00513332 -0.000709751 -0.00259758 0.00362249 -0.0032705 -0.00103763 0.00130623 -0.00393909 0.00233856 -0.00847742 -0.00167471 -0.00044517 -0.00454761 -0.000819186 -0.00929352 -0.00672133
internal_weight=1.70586e+06 1.70381e+06 1.45442e+06 249396 205917 1.41769e+06 1.37039e+06 1.16878e+06 47301 172034 36724 43479 201617 29201 45118 83672 88362 33883 34594 21320 7523 24495 12563 28676 5918 8885 4706
internal_count=1705865 1703814 1454418 249396 205917 1417694 1370393 1168776 47301 172034 36724 43479 201617 29201 45118 83672 88362 33883 34594 21320 7523 24495 12563 28676 5918 8885 4706
is_linear=0
shrinkage=0.03


Tree=10
num_leaves=30
num_cat=0
split_feature=25 13 9 8 17 19 0 0 4 1 27 13 18 18 31 11 18 1 6 20 17 10 13 20 8 19 17 8 5
split_gain=1666.33 1436.76 742.408 524.351 399.857 369.621 312.506 254.693 233.87 229.652 201.745 186.597 127.211 117.025 106.985 105.303 104.86 104.194 96.0183 86.5733 82.4819 72.0889 69.4387 55.596 52.9826 30.8734 27.6092 27.5501 13.5031
threshold=-1.0000000180025095e-35 -12.513070583343504 -0.70188963413238514 -1.5941036939620969 -0.38354165852069849 -0.052715584635734551 -0.16459327936172483 0.029393672943115238 -0.072741217911243425 -0.46341681480407709 0.083372164517641081 -13.142871379852293 -0.59555518627166737 -0.29720363020896906 12.741777420043947 -0.020018757320940491 -0.097086742520332323 0.12964013218879702 -1.4999999999999998 -1.2800117731094358 0.29802101850509649 0.15887327492237094 -13.039963722229002 0.38993957638740545 -2.164570569992065 -0.12679243087768552 0.067689944058656706 -2.8737926483154292 -2.6786952018737789
decision_type=8 10 10 10 8 8 10 10 10 10 10 10 10 10 8 10 10 10 2 10 10 10 10 8 10 10 10 10 10
left_child=1 3 6 9 10 8 18 11 -6 27 14 19 -7 21 -4 26 -13 22 -3 -5 -17 -8 -9 -12 -15 -19 -11 -1 -20
right_child=-2 2 4 7 5 12 13 17 -10 15 23 16 -14 24 -16 20 -18 25 28 -21 -22 -23 -24 -25 -26 -27 -28 -29 -30
leaf_value=-0.013265549089890322 -0.0243386064330516 -0.010575455701434687 0.0027478481735836134 -0.0067543422732742192 -0.00020542244120979052 -0.0058082591784117225 -0.0025509930937676478 -0.0017622829127598748 0.00092483783291628094 -0.0033361719508108153 0.0032518333229163824 -0.0017865151602678121 -0.0007646460654517843 -0.0017098222320041747 -0.001070249347479952 -0.0035298937583057165 0.00085310562092898894 0.0018402296989714967 -0.0048814209351651233 -0.0030441394062762249 0.00068721329064815398 0.00016605145852636858 0.00013308177846903759 0.006924763087138788 0.00041273585085097974 -0.0013966196619748794 -0.0081236775393015697 -0.0068577320286902985 -0.0011388679659733003
leaf_weight=2251 2026 3770 22797 6968 200507 4205 57321 31061 909137 2963 8101 78773 129385 14536 8771 27116 15855 23317 2935 39858 4609 10053 38024 11852 34979 2510 5500 4784 2005
leaf_count=2251 2026 3770 22797 6968 200507 4205 57321 31061 909137 2963 8101 78773 129385 14536 8771 27116 15855 23317 2935 39858 4609 10053 38024 11852 34979 2510 5500 4784 2005
internal_value=9.21696e-06 4.5474e-05 0.000435047 -0.00190197 0.000649007 0.000540655 -0.00176204 -0.00131777 0.000720335 -0.00477538 0.0032275 -0.00212228 -0.000946707 -0.00133329 0.00167751 -0.00379881 -0.00133893 -0.000110758 -0.00709856 -0.00366811 -0.00290677 -0.00214292 -0.000721313 0.00556416 -0.000215244 0.00149371 -0.0067606 -0.00969207 -0.00366186
internal_weight=1.70597e+06 1.70394e+06 1.42035e+06 283589 1.29476e+06 1.24323e+06 125599 236366 1.10964e+06 47223 51521 141454 133590 116889 31568 40188 94628 94912 8710 46826 31725 67374 69085 19953 49515 25827 8463 7035 4940
internal_count=1705969 1703943 1420354 283589 1294755 1243234 125599 236366 1109644 47223 51521 141454 133590 116889 31568 40188 94628 94912 8710 46826 31725 67374 69085 19953 49515 25827 8463 7035 4940
is_linear=0
shrinkage=0.03


Tree=11
num_leaves=27
num_cat=0
split_feature=4 4 8 16 12 12 1 16 18 11 16 24 27 1 18 32 16 1 6 0 14 0 18 16 14 9
split_gain=1690.25 1281.51 657.5 444.707 379.96 367.342 320.605 307.008 318.368 243.111 144.463 152.614 130.603 113.815 111.485 106.562 79.8397 72.048 65.2932 71.1892 51.3413 45.6163 31.9405 26.2517 13.5583 16.8894
threshold=1.0000000180025095e-35 -0.094242721796035753 -2.060709953308105 -0.1617259085178375 -16.471225738525387 -12.668993949890135 -0.40720117092132563 -0.26814237236976618 -0.12689303606748578 -0.020018757320940491 -0.15688096731901166 -3.4999999999999996 0.099689275026321425 -0.56995189189910878 -0.10077995806932448 124.50000000000001 -0.29940402507781977 0.08279514312744142 -1.4999999999999998 0.049999982118606574 -2.1071780920028682 -0.12402892112731932 -0.59555518627166737 0.024219017475843433 -3.3059705495834346 -0.30837893486022944
decision_type=8 10 10 8 10 8 10 8 10 10 8 2 10 10 10 10 10 10 2 8 10 10 10 10 10 10
left_child=1 2 6 16 10 7 21 15 -9 12 24 17 -5 -11 -13 -6 20 -12 19 -8 -4 -1 -18 -20 -3 -26
right_child=-2 4 3 9 5 -7 18 8 -10 13 11 14 -14 -15 -16 -17 22 -19 23 -21 -22 -23 -24 -25 25 -27
leaf_value=-0.01250872780610392 -0.024546290590215084 0.0041452696166545434 0.0060156001331109175 -0.0050946240580446549 0.0029575849520779803 -0.010392498433375953 -0.006212223470623994 0.00041108451635522896 0.0021110517201423998 -0.0043688815830370204 -0.0040164865329538413 -0.001178508189864359 -0.0016929388067244292 -0.00091011252287820192 0.0019729833321676794 0.0084295864751614165 0.0029675950445510377 -0.0010171790443590707 -0.0010021649483510555 -0.0010677227090324674 0.0002786921121774979 -0.0057388968977427025 0.00060342817981066639 -0.0032365602933466797 0.0023871566915055556 -0.00065118297040150821
leaf_weight=4529 2020 2624 5805 22900 16098 2229 12743 1123488 108448 8571 23769 64971 19841 192404 11421 4066 6808 11286 7552 3432 2015 3141 20354 19450 4277 2040
leaf_count=4529 2020 2624 5805 22900 16098 2229 12743 1123488 108448 8571 23769 64971 19841 192404 11421 4066 6808 11286 7552 3432 2015 3141 20354 19450 4277 2040
internal_value=4.89544e-06 4.13618e-05 -0.00163721 -0.00105891 0.000444413 0.000599179 -0.00475991 0.000623127 0.000561773 -0.00151401 -0.00116143 -0.00145964 -0.00356028 -0.00106958 -0.000693677 0.00425278 0.00207994 -0.00308718 -0.00366338 -0.0052034 0.004679 -0.010294 0.00124977 -0.00265213 0.00240433 0.00138616
internal_weight=1.70628e+06 1.70426e+06 329545 278698 1.37472e+06 1.25433e+06 50847 1.2521e+06 1.23194e+06 243716 120388 111447 42741 200975 76392 20164 34982 35055 43177 16175 7820 7670 27162 27002 8941 6317
internal_count=1706282 1704262 329545 278698 1374717 1254329 50847 1252100 1231936 243716 120388 111447 42741 200975 76392 20164 34982 35055 43177 16175 7820 7670 27162 27002 8941 6317
is_linear=0
shrinkage=0.03


Tree=12
num_leaves=27
num_cat=0
split_feature=25 13 8 16 1 9 16 13 19 6 14 18 8 0 29 15 9 8 18 16 23 3 2 23 0 23
split_gain=1645.65 1333.02 611.969 467.652 338.987 323.701 290.826 216.222 211.648 211.499 206.237 180.673 162.66 150.781 125.857 94.266 69.9754 56.0598 52.5849 51.2691 50.4978 43.9205 33.6638 19.8679 13.9251 6.89825
threshold=-1.0000000180025095e-35 -12.513070583343504 -2.4653966426849361 -0.1303976699709892 -0.56995189189910878 -0.51465147733688343 -0.26814237236976618 -13.008988380432127 -0.0032354212598875161 -2.4999999999999996 -3.0756980180740352 -0.20250709354877469 -2.060709953308105 -0.035364389419555657 0.11762226745486261 -0.021534264087676998 -0.54844224452972401 -0.75197267532348622 -0.16932693868875501 -0.26814237236976618 -2.1530539989471431 -0.006691230693832039 0.007286106003448368 -1.2182583212852476 -0.22381162643432614 -1.4639605879783628
decision_type=8 8 10 8 10 10 8 10 8 2 10 8 10 10 8 10 10 10 10 10 10 10 10 10 10 10
left_child=1 3 9 16 13 8 17 14 11 -3 -8 -4 -9 24 -6 -11 22 -7 -17 23 -15 -21 25 -18 -5 -1
right_child=-2 2 5 4 7 6 10 12 -10 15 -12 -13 -14 20 -16 18 19 -19 -20 21 -22 -23 -24 -25 -26 -27
leaf_value=-0.0041508337859047272 -0.023864202674418605 -0.010459697118696322 -0.00054507462056072129 -0.012126348540386557 -0.0021712674848019605 0.006285799592922553 -9.5556765360824771e-05 -0.0047215073427980475 -0.0080496181011176452 -0.0074156188608197225 0.00093427451997211758 0.0011155471017226389 -0.00089568108698354066 -0.0058118449645360622 -0.0043551717027336106 -0.0027767429610174171 0.0018597461382645771 0.0027858700632423408 5.2511661191513886e-05 -0.00093030356048686585 -2.1619529700239815e-05 0.0017006622298957694 0.0011449834940966646 0.0054113041335495018 -0.0066892333123582653 -0.0011968754107672382
leaf_weight=2276 2098 3095 282871 3243 59793 7991 224722 10562 2621 2951 781307 73901 116155 2039 42618 21494 4059 12062 7779 7408 3143 19842 2229 3440 4284 2217
leaf_count=2276 2098 3095 282871 3243 59793 7991 224722 10562 2621 2951 781307 73901 116155 2039 42618 21494 4059 12062 7779 7408 3143 19842 2229 3440 4284 2217
internal_value=-5.73933e-06 3.04493e-05 0.000405444 -0.0018465 -0.00235102 0.000505555 0.000776918 -0.00207428 -0.000268367 -0.0034655 0.000704004 -0.000199177 -0.00123423 -0.00705014 -0.00309975 -0.00263502 0.00108139 0.00431415 -0.00202657 0.00162663 -0.00266368 0.00097074 -0.00161312 0.00376286 -0.00967861 -0.00301915
internal_weight=1.7062e+06 1.7041e+06 1.42079e+06 283308 241837 1.38548e+06 1.02608e+06 229128 359393 35319 1.00603e+06 356772 126717 12709 102411 32224 41471 20053 29273 34749 5182 27250 6722 7499 7527 4493
internal_count=1706200 1704102 1420794 283308 241837 1385475 1026082 229128 359393 35319 1006029 356772 126717 12709 102411 32224 41471 20053 29273 34749 5182 27250 6722 7499 7527 4493
is_linear=0
shrinkage=0.03


Tree=13
num_leaves=31
num_cat=0
split_feature=0 13 11 9 16 15 19 18 13 2 23 8 30 18 16 24 17 16 11 0 8 23 2 4 0 0 32 9 26 32
split_gain=1591.92 1064.47 858.253 565.331 364.951 363.101 292.619 279.644 317.562 260.479 204.298 194.173 142.294 131.295 109.066 94.9635 121.142 86.6321 83.6527 60.8268 59.2699 51.6419 47.2617 44.2707 35.9299 34.525 33.6014 30.5956 26.4206 25.2876
threshold=-0.16459327936172483 -12.923080444335936 -0.0045876996591687194 -0.56006106734275807 -0.26814237236976618 -0.030253410339355465 -0.0032354212598875161 -0.10077995806932448 -11.76980400085449 0.0071211112663149842 -1.6324515938758848 -2.7092440128326412 -0.10488893836736678 -0.28352451324462885 -0.097205530852079378 -4.4999999999999991 0.32930262386798864 -0.13218434900045392 -0.012066793628036974 0.040348559617996223 -0.64988845586776722 -0.71516808867454518 -0.01322741527110338 -0.055148093029856675 -0.17898744344711301 0.041854858398437507 90.500000000000014 -0.62385633587837208 1.0000000180025095e-35 50.500000000000007
decision_type=10 8 8 10 8 10 10 10 8 10 10 10 10 10 10 2 10 10 10 10 10 10 10 10 8 10 8 10 2 10
left_child=2 9 5 6 20 -1 11 8 -6 12 27 23 19 -13 24 17 -17 -14 -9 21 28 -2 -16 -3 -12 -11 -21 -7 -5 -22
right_child=1 3 -4 4 7 10 -8 18 -10 25 14 13 15 -15 22 16 -18 -19 -20 26 29 -23 -24 -25 -26 -27 -28 -29 -30 -31
leaf_value=-0.010546673692115493 -0.0055288934922782182 -0.0039559845997188614 -0.022546969247667348 0.0025558457001924281 -0.00030251732183406491 -0.0084260147171383425 -0.010633145150871381 0.0010270118697394881 0.00079519137387143977 -0.00018104190041564279 0.0044978252768384614 -0.00099660876823805407 0.00059674177793044231 0.000313479173475408 -0.0050393321480371274 -0.0015619767405594851 0.0032813794036553132 -0.0033452792591641186 0.0030353058037886106 -0.00096273508785872305 6.7743903206959921e-06 -0.00029711188598230366 -0.001462643504384942 0 -0.0002793435930557493 0.0032776115292548688 -0.0039750014631516001 -0.0043163964708697591 0.0063457818298336332 0.0032714349588983129
leaf_weight=7070 23759 18346 2097 3462 342500 4767 2194 31629 766912 3725 2557 173509 5354 113146 4549 32222 4909 44199 50015 7514 3257 2020 13075 2933 2333 6744 6821 6467 10539 6946
leaf_count=7070 23759 18346 2097 3462 342500 4767 2194 31629 766912 3725 2557 173509 5354 113146 4549 32222 4909 44199 50015 7514 3257 2020 13075 2933 2333 6744 6821 6467 10539 6946
internal_value=-1.07904e-05 0.000137075 -0.00568203 0.000365222 0.00065709 -0.00454598 -0.000776734 0.000581677 0.000456051 -0.00238818 -0.00314449 -0.000688412 -0.00276509 -0.000478812 -0.00141829 -0.00205427 -0.000878585 -0.00291166 0.00227193 -0.00424953 0.00426902 -0.00514381 -0.00251594 -0.00342239 0.00234851 0.00206747 -0.00250194 -0.00637056 0.00554978 0.00230632
internal_weight=1.70557e+06 1.66266e+06 42915 1.52539e+06 1.21526e+06 40818 310128 1.19106e+06 1.10941e+06 137267 33748 307934 126798 286655 22514 86684 37131 49553 81644 40114 24204 25779 17624 21279 4890 10469 14335 11234 14001 10203
internal_count=1705570 1662655 42915 1525388 1215260 40818 310128 1191056 1109412 137267 33748 307934 126798 286655 22514 86684 37131 49553 81644 40114 24204 25779 17624 21279 4890 10469 14335 11234 14001 10203
is_linear=0
shrinkage=0.03


Tree=14
num_leaves=27
num_cat=0
split_feature=21 13 12 9 16 13 6 16 20 2 1 15 27 29 17 9 32 28 27 32 2 31 11 7 16 11
split_gain=1418.28 1251.93 777.024 697.494 465.229 379.525 308.879 276.91 255.942 198.642 161.023 149.39 141.36 124.29 117.646 74.0184 71.1002 63.6949 61.7176 58.8395 45.5087 39.6071 28.9315 26.6002 20.0769 12.2078
threshold=-1.0000000180025095e-35 -12.979273796081541 -14.104099273681639 -0.62836396694183339 -0.28217040002346033 -12.002213954925535 -1.4999999999999998 -0.1303976699709892 -0.002885043621063232 -0.021633690223097798 -0.40720117092132563 -0.021534264087676998 0.084348589181900038 0.11762226745486261 -0.088033024221658693 -1.1158590316772459 124.50000000000001 -0.046231385320425027 0.07592471688985826 169.50000000000003 0.0013774961698800328 12.395618915557863 -0.020698716863989827 -0.050888825207948678 0.0010030790581367912 -0.012131623923778532
decision_type=2 10 8 10 8 8 2 8 10 10 8 10 10 8 8 10 10 10 10 8 10 8 10 8 8 10
left_child=1 7 -2 6 16 12 10 20 -7 23 -3 24 -6 17 -13 -12 18 -11 -5 -15 21 -1 -22 -9 -8 -24
right_child=2 3 -4 4 5 8 11 9 -10 13 15 14 -14 19 -16 -17 -18 -19 -20 -21 22 -23 25 -25 -26 -27
leaf_value=0.00083299465977473743 -0.0030980857486346373 -0.011151225122382417 -0.027822054692756813 -0.00021751626239407019 -0.00078076690170419472 0.0014591110571841282 -0.001854048830478386 -0.0094701562803967132 0.00042454150369972897 -0.00069290254705138359 -0.0073744260165315486 -0.0013896084273052728 0.00061800845668456893 -0.0035278343083525237 0.00013645101151808298 -0.0025695237204231489 0.0086350089646450908 -0.0027213950768154274 0.0046062786991013906 -0.0065547600009612517 -0.00096783794930965046 -0.0035246531820470836 0.0033659787985037153 -0.003564056330554807 -0.0063311977228619372 0.00072353283493768771
leaf_weight=3664 2418 2463 2013 2648 247265 315309 2035 4811 681921 22009 3338 102188 87508 37364 80849 19548 3788 42110 14476 8044 2163 2913 6004 2010 4446 2940
leaf_count=3664 2418 2463 2013 2648 247265 315309 2035 4811 681921 22009 3338 102188 87508 37364 80849 19548 3788 42110 14476 8044 2163 2913 6004 2010 4446 2940
internal_value=-7.13388e-06 3.92297e-05 -0.0160732 0.00027764 0.000530056 0.000459105 -0.00130785 -0.00273791 0.000752525 -0.00326817 -0.00438926 -0.000883654 -0.000413863 -0.00292689 -0.000715365 -0.00342585 0.00491901 -0.0020405 0.00385831 -0.00413614 0.000728271 -0.00116731 0.00187852 -0.00813301 -0.00520185 0.00261343
internal_weight=1.70624e+06 1.70181e+06 4431 1.56778e+06 1.35292e+06 1.332e+06 214867 134032 997230 116348 25349 189518 334773 109527 183037 22886 20912 64119 17124 45408 17684 6577 11107 6821 6481 8944
internal_count=1706245 1701814 4431 1567782 1352915 1332003 214867 134032 997230 116348 25349 189518 334773 109527 183037 22886 20912 64119 17124 45408 17684 6577 11107 6821 6481 8944
is_linear=0
shrinkage=0.03


Tree=15
num_leaves=29
num_cat=0
split_feature=4 2 23 9 16 13 19 0 0 19 15 8 13 9 18 16 18 1 13 0 17 14 7 1 17 31 32 8
split_gain=1447.82 1154.09 453.673 407.04 368.795 358.661 233.277 213.751 213.515 180.71 142.06 139.416 121.967 132.074 105.262 105.071 104.475 88.1266 81.9026 52.8068 48.5688 54.8311 43.8596 36.0419 53.3273 34.599 18.0916 4.87701
threshold=1.0000000180025095e-35 -0.0083002704195678217 -1.9502196311950681 -0.56006106734275807 -0.26814237236976618 -12.979273796081541 -0.038355739787220948 -0.13014173507690427 -0.071074545383453355 -0.0032354212598875161 -0.030253410339355465 -2.8737926483154292 -12.896576404571531 -0.49684694409370417 -0.077903840690851198 -0.14149632304906842 -0.13272676616907117 -0.29472082853317255 -12.048396110534666 -0.0019641518592834468 -0.36982093751430506 -2.2175716161727901 -0.029859480448067185 -0.25203484296798701 0.36917427182197576 12.729752063751222 107.50000000000001 -1.3057610988616941
decision_type=8 8 10 10 8 10 8 10 10 8 10 10 10 10 10 8 10 8 10 10 10 10 8 10 10 8 10 10
left_child=1 2 7 9 20 15 -7 23 10 11 27 22 17 -14 -12 -6 -13 -10 19 -9 25 -22 -3 24 -1 -5 -20 -4
right_child=-2 3 8 4 5 6 -8 18 12 -11 14 16 13 -15 -16 -17 -18 -19 26 -21 21 -23 -24 -25 -26 -27 -28 -29
leaf_value=-0.012252400807048463 -0.022793454155597245 -0.0048520243425062264 -0.008025851657436989 0.0071528060541200568 0.0012718414768455035 0.00073841059458043556 -0.00082521184071642916 -0.0053731947804990356 0.0013087959781429971 -0.0083375189669369267 -0.0029190998298686092 -0.00064300117161641751 -0.001551233039721818 0.0011337857323017917 0.00027248166739086586 -0.0021024295294964929 0.0013675552252626283 -0.0033949003294324893 0.00063145338950381486 -0.0027764503097903593 0.0040550511585888066 0.00043330853608851156 -0.0010967352105954709 -0.0036333133009293786 -0.0054139565347434597 0.002365596592654705 -0.0022179975261035624 -0.0039398195183509453
leaf_weight=3952 2005 8307 3807 6099 9208 1022220 93155 16895 4177 2258 36864 255845 24668 47188 12054 58496 25031 16090 4329 16780 11971 5855 4979 2160 3412 2841 2866 2571
leaf_count=3952 2005 8307 3807 6099 9208 1022220 93155 16895 4177 2258 36864 255845 24668 47188 12054 58496 25031 16090 4329 16780 11971 5855 4979 2160 3412 2841 2866 2571
internal_value=-2.72226e-06 3.05952e-05 -0.00212059 0.000313913 0.000558141 0.000478138 0.000607238 -0.00456737 -0.00126954 -0.000681162 -0.00273523 -0.000607326 -0.000376511 0.000203529 -0.00213178 -0.00163316 -0.000460647 -0.00240286 -0.003533 -0.00414759 0.00400972 0.00292613 -0.00355729 -0.00857858 -0.00966774 0.00586916 -0.000534957 -0.00682852
internal_weight=1.70608e+06 1.70408e+06 197813 1.50626e+06 1.20984e+06 1.18308e+06 1.11538e+06 50394 147419 296420 55296 294162 92123 71856 48918 67704 280876 20267 40870 33675 26766 17826 13286 9524 7364 8940 7195 6378
internal_count=1706083 1704078 197813 1506265 1209845 1183079 1115375 50394 147419 296420 55296 294162 92123 71856 48918 67704 280876 20267 40870 33675 26766 17826 13286 9524 7364 8940 7195 6378
is_linear=0
shrinkage=0.03


Tree=16
num_leaves=27
num_cat=0
split_feature=4 2 9 0 16 29 9 29 23 1 14 11 18 23 19 5 17 20 19 8 15 30 4 4 7 24
split_gain=1336.3 1105.22 411.274 389.627 342.021 264.087 245.004 220.559 203.83 181.068 142.174 133.946 114.661 109.013 90.8462 87.4196 87.1356 71.7683 68.5586 66.9946 38.4237 35.1695 23.1487 13.6001 7.85558 6.68504
threshold=-1.0000000180025095e-35 -0.010734138078987597 -0.51465147733688343 -0.13014173507690427 -0.22658324986696241 0.09738462790846826 -1.2479828000068662 0.23038855195045474 -3.1864943504333492 -0.46341681480407709 -3.2605935335159297 -0.014236801769584416 -0.27485078573226923 -1.3483428955078123 -0.018140278756618496 -0.064454685896635042 -0.40009537339210505 0.20630747079849246 -0.056415246799588196 -1.3680359721183775 -0.021534264087676998 0.079614069312810912 -0.10011562705039977 -0.10042493045330046 -0.031784480437636368 -5.4999999999999991
decision_type=8 8 10 10 8 8 10 8 10 10 10 10 10 10 8 10 10 10 10 10 10 8 10 10 10 2
left_child=1 3 6 9 16 11 24 12 23 25 -7 -6 -8 15 -9 -10 21 -15 -18 20 -11 -4 -21 -5 -3 -1
right_child=-2 2 4 8 5 10 7 14 13 19 -12 -13 -14 17 -16 -17 18 -19 -20 22 -22 -23 -24 -25 -26 -27
leaf_value=-0.011187781282484984 -0.0217029600038206 -0.0079696227397882801 0.0064168525773625803 -0.0036418417200926711 -0.00031541289421323134 -0.0015507801587005448 -0.00061685788823126464 -0.0017905575886421046 -0.0029827337061540198 -0.0080986314926422588 1.0428399563736089e-05 0.00084907760579592108 0.00048488971046914246 -0.0008133160234428654 -0.0076821563729443558 1.7341887083021265e-05 0.0027998279238375303 0.0023886430986901981 -0.00026067920261154705 0.00089788874057933484 -0.0038794147224785985 0.0020262803359282649 -0.0026092841922632747 -0.0079649914456136495 -0.0034832263373875171 -0.005918171584755009
leaf_weight=4825 2051 3190 7548 2865 101079 67033 207805 66349 38160 3642 234101 703507 142934 31329 2042 11032 33436 7341 7857 2144 9124 3124 4297 4081 2167 2796
leaf_count=4825 2051 3190 7548 2865 101079 67033 207805 66349 38160 3642 234101 703507 142934 31329 2042 11032 33436 7341 7857 2144 9124 3124 4297 4081 2167 2796
internal_value=-6.14816e-06 2.61533e-05 0.000238514 -0.00272333 0.000531485 0.000418664 -0.00055947 -0.000472964 -0.00179746 -0.00589154 -0.0003381 0.000702307 -0.000166966 -0.00138035 -0.0020253 -0.00231048 0.00289951 -0.000175075 0.00221416 -0.00412659 -0.0053656 0.00530667 -0.00141805 -0.00658641 -0.0066583 -0.00977481
internal_weight=1.70586e+06 1.70381e+06 1.58217e+06 121636 1.15768e+06 1.10572e+06 424487 419130 94808 26828 301134 804586 350739 87862 68391 49192 51965 38670 41293 19207 12766 10672 6441 6946 5357 7621
internal_count=1705859 1703808 1582172 121636 1157685 1105720 424487 419130 94808 26828 301134 804586 350739 87862 68391 49192 51965 38670 41293 19207 12766 10672 6441 6946 5357 7621
is_linear=0
shrinkage=0.03


Tree=17
num_leaves=29
num_cat=0
split_feature=4 13 9 8 27 18 4 20 9 2 13 2 20 3 2 9 19 9 24 24 22 29 23 15 19 32 8 7
split_gain=1351.63 1073.7 500.048 434.716 298.737 315.468 331.008 234.465 232.345 230.161 182.273 179.832 134.215 133.388 126.905 122.978 95.8992 67.0107 55.5886 49.7713 40.6641 39.6884 36.555 33.2876 24.8243 26.4258 19.1438 16.3917
threshold=1.0000000180025095e-35 -12.513070583343504 -0.70188963413238514 -1.5762252211570738 0.09314396977424623 -0.19212298840284345 -0.082503542304038988 0.38250395655632025 -1.2479828000068662 0.007286106003448368 -13.073032855987547 -0.014779508113861082 -1.2800117731094358 -0.0021323605906218286 -0.0094865532591938955 -0.36721950769424433 -0.034516893327236169 -0.35692636668682093 -2.4999999999999996 -3.4999999999999996 -6.4999999999999991 0.23038855195045474 -1.3378192186355589 -0.0096861124038696272 -0.14253576844930646 107.50000000000001 -2.3743073940277095 -0.034197261556982987
decision_type=8 8 10 10 10 10 10 10 10 10 10 10 10 10 10 10 8 10 2 2 2 8 10 10 10 10 10 10
left_child=1 3 8 11 5 6 -4 15 27 10 12 19 -5 -7 23 -6 -16 -12 22 26 -9 -20 -13 -10 25 -11 -1 -3
right_child=-2 2 4 9 7 13 -8 20 14 24 17 18 -14 -15 16 -17 -18 -19 21 -21 -22 -23 -24 -25 -26 -27 -28 -29
leaf_value=-0.010685643153685771 -0.021898115363324606 -0.0092630063235053847 -0.0016814592312522048 -0.0054799960415538472 0.00065916909297936848 -0.00034833463294992186 0.00031569753250724889 0.0016094816018407784 -0.0061224520417682777 0.0028712673009691934 -0.0011804215023212964 -0.0045428829235875864 -0.0019750324221311996 0.0016789793010203056 -0.00053864472692986397 0.0025813724736907968 -0.0040323280159104118 0.00024457664679953492 -0.00047477393720908411 -0.0027405023764484802 0.0059264120784453169 -0.0047369724727589777 -0.001378229211957471 -0.0025202653427063792 -0.00099987711178584093 0.00024755304625997108 -0.006177983137693765 -0.0040582486480659858
leaf_weight=3535 2032 2681 81467 11333 80578 33844 838342 3074 4214 13785 83843 17631 73466 196202 100635 48237 7177 45136 10822 2799 13074 2009 5059 8248 2018 5032 7059 2690
leaf_count=3535 2032 2681 81467 11333 80578 33844 838342 3074 4214 13785 83843 17631 73466 196202 100635 48237 7177 45136 10822 2799 13074 2009 5059 8248 2018 5032 7059 2690
internal_value=4.29911e-06 3.70096e-05 0.000373753 -0.0016467 0.000549395 0.00038683 0.000137667 0.00183105 -0.00142893 -0.00110356 -0.00139832 -0.00420824 -0.00247635 0.00137931 -0.00113634 0.00138849 -0.000791528 -0.00068041 -0.0030035 -0.00715878 0.00519566 -0.00131726 -0.00389515 -0.00395067 0.00186866 0.00220974 -0.00812294 -0.00727498
internal_weight=1.70602e+06 1.70399e+06 1.42046e+06 283527 1.29482e+06 1.14986e+06 919809 144963 125645 234613 213778 48914 84799 230046 120274 128815 107812 128979 35521 13393 16148 12831 22690 12462 20835 18817 10594 5371
internal_count=1706022 1703990 1420463 283527 1294818 1149855 919809 144963 125645 234613 213778 48914 84799 230046 120274 128815 107812 128979 35521 13393 16148 12831 22690 12462 20835 18817 10594 5371
is_linear=0
shrinkage=0.03


Tree=18
num_leaves=31
num_cat=0
split_feature=21 4 12 16 2 13 20 17 16 18 19 23 9 12 2 3 19 31 18 4 16 26 13 20 12 1 7 9 23 30
split_gain=1246.65 984.85 682.781 490.716 413.039 387.369 332.721 246.12 236.063 251.653 202.165 183.98 157.721 147.837 119.865 118.748 105.863 104.444 92.9367 79.9492 70.0601 63.4017 53.3377 41.9081 41.7535 36.9509 34.6494 33.8707 31.2176 22.2002
threshold=-1.0000000180025095e-35 -0.094242721796035753 -14.066816329956053 -0.1617259085178375 -0.015403118915855883 -12.002213954925535 -0.002885043621063232 -0.40951630473136896 -0.15688096731901166 -0.1111960895359516 -0.034516893327236169 -1.3974145054817197 -1.2479828000068662 -16.792829513549801 -0.006276908563449978 -0.0011269137030467389 -0.12882473319768903 12.214275836944582 -0.086038056761026369 -0.072741217911243425 -0.28217040002346033 1.0000000180025095e-35 -12.653077125549315 0.08448809385299684 -15.938052654266356 -0.14886426925659177 -0.074075479060411439 -0.57265487313270558 -1.1837228536605833 -0.08009582012891768
decision_type=2 8 8 8 10 10 10 8 8 10 8 10 10 10 10 8 10 8 10 10 10 2 10 10 10 8 10 10 10 10
left_child=1 3 -2 20 11 8 18 17 16 13 -9 21 25 -10 -14 -11 27 -8 19 -7 26 -5 -22 -13 -20 -6 -1 -3 -18 -28
right_child=2 5 -4 4 12 6 7 10 9 15 -12 23 14 -15 -16 -17 28 -19 24 -21 22 -23 -24 -25 -26 -27 29 -29 -30 -31
leaf_value=0.0063539417221930346 -0.0029095480755064961 -0.00076912226758271566 -0.026144872056059539 -0.007333331220950914 -0.0094708152012044598 -0.00044930501627577749 0.0045430919371264441 0.00038918150654951278 -0.0028444931526319991 -0.00063679052211625706 -0.0011868635138095928 -0.0023961724730953752 -0.0020434569039075243 -0.00084926153266587931 -0.00071003549963459534 0.0026444868795077459 -0.0032750986412203508 0.00084312193337919073 0.0047052150746799744 0.0014196962629629147 -0.0010053519653764401 -0.0039492797203977961 0.0018830396057494662 0.0015909854467743901 0.0022357134974736992 -0.0030828277427821312 0.0001945810548628509 0.0028733374951952963 0.00017168660614514045 0.003750663749528644
leaf_weight=3387 2411 2169 2000 15951 2060 21851 16471 614861 40071 15958 82596 7991 106961 201226 143663 24570 3016 12374 8668 264465 7852 11261 17866 2800 30772 2564 2966 26540 6638 3607
leaf_count=3387 2411 2169 2000 15951 2060 21851 16471 614861 40071 15958 82596 7991 106961 201226 143663 24570 3016 12374 8668 264465 7852 11261 17866 2800 30772 2564 2966 26540 6638 3607
internal_value=-1.67046e-06 4.1713e-05 -0.0150951 -0.00143116 -0.001836 0.000395373 0.000673501 0.000315242 -0.000517177 -0.000818932 0.000201393 -0.00473947 -0.00139412 -0.00118704 -0.00128324 0.00135315 0.00167389 0.0030075 0.00146964 0.00127548 0.00186753 -0.00604028 0.000987383 -0.00131039 0.00283807 -0.0066337 0.00395566 0.00257942 -0.000983824 0.00231562
internal_weight=1.70559e+06 1.70118e+06 4411 328929 293251 1.37225e+06 1.05206e+06 726302 320188 281825 697457 38003 255248 241297 250624 40528 38363 28845 325756 286316 35678 27212 25718 10791 39440 4624 9960 28709 9654 6573
internal_count=1705586 1701175 4411 328929 293251 1372246 1052058 726302 320188 281825 697457 38003 255248 241297 250624 40528 38363 28845 325756 286316 35678 27212 25718 10791 39440 4624 9960 28709 9654 6573
is_linear=0
shrinkage=0.03


Tree=19
num_leaves=30
num_cat=0
split_feature=21 13 12 8 16 18 13 6 0 11 2 8 27 15 11 18 31 18 8 0 13 0 0 32 28 1 18 23 14
split_gain=1213.93 998.724 668.31 662.324 353.15 319.145 353.403 311.525 242.807 151.337 122.967 122.274 120.689 120.257 118.067 114.773 103.339 99.4237 96.5606 85.771 66.5008 60.9093 58.3253 39.2202 31.8675 30.8409 25.6073 22.4596 14.7308
threshold=-1.0000000180025095e-35 -12.979273796081541 -14.104099273681639 -2.060709953308105 -0.19262676686048505 -0.10077995806932448 -11.475680828094481 -1.4999999999999998 0.044150322675704963 -0.020698716863989827 0.00783330947160721 -2.8737926483154292 0.083372164517641081 -0.013511359691619871 -0.012650221586227415 -0.42742261290550226 13.270637035369875 -0.077903840690851198 -0.63921862840652455 -0.13697075843811032 -12.108429431915281 -0.028905749320983883 -0.071074545383453355 66.500000000000014 -0.0093521829694509489 -0.25203484296798701 -0.20457375794649121 -1.2649875879287718 -2.7939220666885372
decision_type=2 8 8 10 8 10 8 2 10 10 10 10 10 10 10 8 8 10 10 10 10 10 10 8 8 10 10 10 10
left_child=1 8 -2 7 12 6 -6 19 9 15 23 -11 16 22 -7 -1 -5 -13 -14 25 -15 -17 -9 27 -25 -3 -21 -10 -12
right_child=2 3 -4 4 5 14 -8 13 10 11 28 17 18 20 -16 21 -18 -19 -20 26 -22 -23 -24 24 -26 -27 -28 -29 -30
leaf_value=-0.00044732688118805065 -0.0028002434529750056 -0.010860770885631104 -0.025838236658038555 0.0015912152789350443 -0.00042909486421555647 0.00042829816764309355 0.00057066699470874338 -0.0061469512334186866 -0.00084243460210467176 -0.0089097586396692779 0.0048701130330071982 -0.0028617536445180751 0.0038533902169139342 -0.0026952434088579899 0.0026381312673366716 -0.0081533150133520273 -0.0019834888108604524 0.00018879582729632317 0.001254738987841638 -0.0051341565011188061 -0.00024649788927962323 -0.0038861994857124996 -0.0008034217855759396 -0.00039557501328220455 -0.0028412184076026721 -0.0041667458897997698 -0.0014365887971126274 0.0014332302204756201 0.00118131334559531
leaf_weight=3454 2383 3819 2002 34319 568332 33415 721400 6137 11183 2282 2860 56117 38217 13117 65115 10133 8683 11292 20876 6468 39116 6955 2966 7838 14227 2016 3232 5343 2323
leaf_count=3454 2383 3819 2002 34319 568332 33415 721400 6137 11183 2282 2860 56117 38217 13117 65115 10133 8683 11292 20876 6468 39116 6955 2966 7838 14227 2016 3232 5343 2323
internal_value=-1.41925e-05 2.85041e-05 -0.0149479 0.000241519 0.00038207 0.000256205 0.000129885 -0.00246443 -0.00245214 -0.00333858 -0.000601037 -0.00262975 0.00208103 -0.0014708 0.00189767 -0.00560947 0.00084801 -0.0023487 0.00295862 -0.00620065 -0.000886852 -0.00659346 -0.00456961 -0.00119999 -0.00201378 -0.00910674 -0.00406237 -6.85892e-05 0.00351899
internal_weight=1.70562e+06 1.70124e+06 4385 1.56723e+06 1.49036e+06 1.38826e+06 1.28973e+06 76871 134007 90233 43774 69691 102095 61336 98530 20542 43002 67409 59093 15535 52233 17088 9103 38591 22065 5835 9700 16526 5183
internal_count=1705620 1701235 4385 1567228 1490357 1388262 1289732 76871 134007 90233 43774 69691 102095 61336 98530 20542 43002 67409 59093 15535 52233 17088 9103 38591 22065 5835 9700 16526 5183
is_linear=0
shrinkage=0.03


Tree=20
num_leaves=31
num_cat=0
split_feature=21 2 12 13 8 9 16 17 20 2 23 9 13 19 26 12 32 16 0 20 0 23 7 30 16 0 3 32 0 7
split_gain=1209.95 920.797 684.388 409.24 324.449 309.983 268.268 264.458 306.575 183.775 147.341 138.756 133.182 117.918 116.069 115.345 97.4169 84.8051 78.3562 79.6562 62.6725 61.9769 61.6703 55.4257 51.6117 47.3797 28.5738 28.1757 22.6757 21.9312
threshold=-1.0000000180025095e-35 -0.010734138078987597 -14.023363590240477 -12.419076442718504 -2.060709953308105 -0.56607553362846363 -0.14350491762161252 -0.37630504369735712 -0.020353615283966061 -0.017048917710781094 -1.3723328709602354 -1.2479828000068662 -13.142871379852293 -0.034516893327236169 1.0000000180025095e-35 -16.907661437988278 73.500000000000014 -0.077418729662895189 -0.072942316532134996 0.20630747079849246 0.029393672943115238 -1.576338469982147 -0.042390733957290642 -0.2585111260414123 -0.26814237236976618 -0.046026825904846184 -0.0061894818209111682 38.500000000000007 -0.034585952758789056 -0.034197261556982987
decision_type=2 10 8 8 10 10 8 8 10 10 10 10 10 8 2 8 8 8 10 10 10 10 8 10 10 10 10 8 10 10
left_child=1 4 -2 6 9 11 21 14 -9 28 12 29 23 -13 -7 16 -8 -14 -12 -20 -17 26 25 -6 -23 -11 -3 -24 -1 -5
right_child=2 3 -4 5 10 7 15 8 -10 22 18 13 17 -15 -16 20 -18 -19 19 -21 -22 24 27 -25 -26 -27 -28 -29 -30 -31
leaf_value=-0.010289296342269277 -0.0027248279680584242 -0.0024298742799099778 -0.025827066664152409 -0.0077001883620621304 -0.0081766551919162482 0.0017940021599202084 -0.0012348121820491204 0.0013061720467426811 0.0001946348863946424 -0.0079512361376862101 -0.001921652470889575 -0.00022121017551222791 0.0027308887713814317 -0.002849636212336977 0.0050034802266857243 -0.0013716248534238413 -0.004121291749567429 -0.0020787998510440418 -0.00020103971721808481 0.0037491717236476665 -0.00018082637269729556 0.0041940081738783049 0.00087077733798322289 -0.0037135665040270134 0.0012678001976018937 -0.0020611746963416218 0.00094864358922774851 -0.0026926286684399469 -0.0042862267576094073 -0.0025327521804302182
leaf_weight=6070 2434 4352 2021 2014 3560 35209 22571 331722 684495 3581 17764 238740 3211 15967 14727 108007 21018 30292 21893 5262 64058 7094 2156 14744 23927 2652 3663 8490 2004 2453
leaf_count=6070 2434 4352 2021 2014 3560 35209 22571 331722 684495 3581 17764 238740 3211 15967 14727 108007 21018 30292 21893 5262 64058 7094 2156 14744 23927 2652 3663 8490 2004 2453
internal_value=-1.10312e-05 3.18872e-05 -0.0148143 0.000226021 -0.00247712 0.000437861 -0.00087385 0.000664146 0.000558231 -0.00550321 -0.00166909 -0.000491327 -0.00275265 -0.000392416 0.0027867 -0.00128878 -0.00266439 -0.00157563 -0.000396227 0.000607516 -0.00093185 0.00139815 -0.00351803 -0.0047919 0.00200241 -0.00582888 -0.00088556 -0.00193737 -0.00917114 -0.00546356
internal_weight=1.70615e+06 1.7017e+06 4455 1.58002e+06 121679 1.32533e+06 254690 1.06615e+06 1.01622e+06 24953 96726 259174 51807 254707 49936 215654 43589 33503 44919 27155 172065 39036 16879 18304 31021 6233 8015 10646 8074 4467
internal_count=1706151 1701696 4455 1580017 121679 1325327 254690 1066153 1016217 24953 96726 259174 51807 254707 49936 215654 43589 33503 44919 27155 172065 39036 16879 18304 31021 6233 8015 10646 8074 4467
is_linear=0
shrinkage=0.03


Tree=21
num_leaves=31
num_cat=0
split_feature=0 13 1 9 16 14 16 19 2 18 29 18 18 13 16 6 0 2 9 30 11 28 28 19 9 11 14 2 18 8
split_gain=1132.1 775.582 601.445 463.159 273.018 237.891 225.279 222.646 219.267 164.863 147.65 127.868 120.772 118.381 111.446 111.264 88.1491 71.3974 68.1288 61.9458 57.4953 51.0775 90.5459 46.9733 48.4077 44.6571 31.3145 29.9899 20.4944 18.9721
threshold=-0.26674902439117426 -12.979273796081541 -0.46341681480407709 -0.51465147733688343 -0.19262676686048505 -3.0880835056304927 -0.059945242479443543 -0.0032354212598875161 -0.0069233849644660941 -0.17159824073314664 0.11762226745486261 -0.23700956255197522 -0.12081054970622061 -11.717095375061033 -0.29940402507781977 -1.4999999999999998 0.011451333761215212 0.0071211112663149842 -0.69436669349670399 -0.31998655200004572 -0.019714222289621827 -0.054582819342613213 -0.18651528656482694 -1.7367410063743589 -0.51465147733688343 -0.023222441785037514 -2.721624374389648 0.0017525300499983134 -0.35142834484577173 -0.76245614886283863
decision_type=10 8 10 10 8 8 10 10 10 8 8 10 10 8 10 2 10 10 10 10 10 10 10 10 10 10 10 10 10 10
left_child=2 6 13 7 14 11 17 8 15 -7 21 -6 -10 -1 29 -3 20 23 -4 -16 -12 22 -8 -2 -25 -23 -19 -18 -20 -5
right_child=1 3 18 4 5 9 10 -9 12 -11 16 -13 -14 -15 19 -17 27 26 28 -21 -22 25 -24 24 -26 -27 -28 -29 -30 -31
leaf_value=-0.0096045003606420303 -0.0038267778356336378 -0.0041745821547753718 -0.0057015154486732156 0.006169364607620513 -0.00091458413399855484 0.00050375030585129879 -0.0043205027167226425 -0.0083855960453974327 -0.00036822908112462685 0.0017055453549304502 -0.0079403320488983901 0.00048958230205336118 0.0017581117311489718 -0.02016498160695469 -0.00040601783556972165 -0.0013582167006950675 -0.0030175392536951665 0.0039290937658501193 0.00097952701502711606 0.0020636885301523744 -0.0042416329280614501 -0.0052339405356115788 0.00065357669235665996 -0.0026422607633212474 0.00052759685231267342 -0.0020422358741009655 4.660110621227368e-05 0.00035042766350943115 -0.002118876028441791 0.0032548971315478764
leaf_weight=5502 3425 16244 3051 5692 152228 677837 3771 2778 325568 121191 6945 93763 25427 2084 10344 58153 13981 4417 3578 60586 15827 4492 13761 5229 17135 35505 3293 2545 3070 7920
leaf_count=5502 3425 16244 3051 5692 152228 677837 3771 2778 325568 121191 6945 93763 25427 2084 10344 58153 13981 4417 3578 60586 15827 4492 13761 5229 17135 35505 3293 2545 3070 7920
internal_value=-1.43365e-05 6.47966e-05 -0.00754391 0.000251221 0.000569788 0.000436175 -0.0021536 -0.000588182 -0.000526772 0.000687358 -0.00288398 -0.000378241 -0.000211056 -0.0136103 0.00220558 -0.00200092 -0.00430421 -2.22751e-05 -0.00233513 0.001699 -0.00552892 -0.00187993 -0.000489808 -0.000793238 -0.000242011 -0.00246829 0.00241122 -0.00248619 -0.000457453 0.00467028
internal_weight=1.70534e+06 1.68806e+06 17285 1.55773e+06 1.12956e+06 1.04502e+06 130326 428170 425392 799028 96827 245991 350995 7586 84542 74397 39298 33499 9699 70930 22772 57529 17532 25789 22364 39997 7710 16526 6648 13612
internal_count=1705342 1688057 17285 1557731 1129561 1045019 130326 428170 425392 799028 96827 245991 350995 7586 84542 74397 39298 33499 9699 70930 22772 57529 17532 25789 22364 39997 7710 16526 6648 13612
is_linear=0
shrinkage=0.03


Tree=22
num_leaves=29
num_cat=0
split_feature=0 13 1 12 23 17 17 0 18 9 4 11 13 0 11 1 27 32 14 1 11 3 9 17 12 20 32 18
split_gain=1095.26 737.419 550.758 336.682 331.626 277.906 298.249 231.43 280.288 213.722 179.054 169.004 159.233 153.618 140.15 104.462 97.7422 78.7833 73.4409 72.0853 66.8517 63.6095 60.5029 52.5977 48.397 35.8006 24.9197 15.5509
threshold=-0.26674902439117426 -12.072710037231444 -0.46341681480407709 -12.668993949890135 -2.0662814378738399 -0.40951630473136896 -0.074288934469223009 0.044150322675704963 -0.1111960895359516 -0.44104753434658045 -0.072741217911243425 -0.021554403007030484 -12.896576404571531 -0.014669299125671385 -0.0067500034347176543 0.17666107416152957 0.088578887283802046 175.50000000000003 -2.2945529222488399 0.065820425748825087 -0.024907258339226242 -0.0037052438128739591 -0.69436669349670399 0.45490548014640814 -14.740817070007322 0.35712170600891119 56.500000000000007 -0.35142834484577173
decision_type=10 8 10 10 10 10 10 10 10 10 10 10 10 10 8 8 10 10 10 10 10 10 10 10 10 8 10 10
left_child=2 4 14 5 13 16 9 8 12 -7 -8 -10 -6 20 -1 17 24 -9 -17 21 -2 -15 -4 -22 -3 -18 -21 -24
right_child=1 3 22 -5 7 6 10 15 11 -11 -12 -13 -14 19 -16 18 25 -19 -20 26 23 -23 27 -25 -26 -27 -28 -29
leaf_value=-0.0091183439215129902 -0.0088267138444968422 0.00027768377467723732 -0.0055620770499632405 -0.010487802511065181 -0.0027713924668356909 -0.00055636286567169939 -0.00026075690338301229 0.00028692246924220672 -0.0052778762860491175 0.00047730609370457707 0.0013439214278059687 0.0014186779090953933 -0.00099850434951082056 -0.0041133737545035794 -0.020023267009115938 0.0031760656700245914 0.0016169788853582414 -0.0035451749050499758 -0.00031682729064986599 0.0023442427009025056 -0.0043634350597361888 -0.001336764523300606 0.00067691097628659949 -0.00012270081227050582 0.0031711435366996461 0.0059638186598247487 -0.00063288640560916782 -0.0020315579733722459
leaf_weight=5524 2823 10489 3045 2016 60738 304283 75902 83772 3137 439115 344571 49269 187582 11065 2095 18888 2816 4619 7193 3952 21957 24649 3544 3181 10562 10342 5256 3025
leaf_count=5524 2823 10489 3045 2016 60738 304283 75902 83772 3137 439115 344571 49269 187582 11065 2095 18888 2816 4619 7193 3952 21957 24649 3544 3181 10562 10342 5256 3025
internal_value=-5.90871e-06 7.18023e-05 -0.00742292 0.000471809 -0.000910598 0.000494868 0.000415492 -0.000580308 -0.00101719 5.37184e-05 0.00105357 0.000966063 -0.00143805 -0.00277133 -0.0132023 0.000564242 0.0031419 6.4481e-05 0.00221362 -0.00164448 -0.00451047 -0.00225022 -0.00238693 -0.00385137 0.00178324 0.00514875 0.000668899 -0.000583366
internal_weight=1.70541e+06 1.68818e+06 17233 1.2001e+06 488081 1.19808e+06 1.16387e+06 415198 300726 743398 420473 52406 248320 72883 7619 114472 34209 88391 26081 44922 27961 35714 9614 25138 21051 13158 9208 6569
internal_count=1705410 1688177 17233 1200096 488081 1198080 1163871 415198 300726 743398 420473 52406 248320 72883 7619 114472 34209 88391 26081 44922 27961 35714 9614 25138 21051 13158 9208 6569
is_linear=0
shrinkage=0.03


Tree=23
num_leaves=27
num_cat=0
split_feature=21 2 12 16 13 17 1 13 8 24 24 24 24 15 2 0 0 17 12 16 28 28 2 0 8 24
split_gain=1084.55 831.766 573.92 316.57 323.709 299.549 296.903 246.654 228.686 212.873 163.981 140.59 136.56 97.0517 92.2809 91.7669 89.4917 88.5317 88.116 110.211 55.6048 43.7877 39.5132 34.6564 25.7804 17.8801
threshold=-1.0000000180025095e-35 -0.0088434969075024111 -14.104099273681639 -0.22658324986696241 -12.979273796081541 -0.056435201317071908 -0.56995189189910878 -11.281002521514891 -1.3680359721183775 -3.4999999999999996 -1.4999999999999998 -18.499999999999996 -5.4999999999999991 -0.010353147983551024 0.007286106003448368 -0.098082840442657457 0.0010377466678619387 0.11265897750854494 -13.273291587829588 -0.32340739667415613 0.10135983675718309 0.30889900028705602 0.00153766421135515 0.0073220133781433114 -1.4269762635231016 -5.4999999999999991
decision_type=2 10 8 8 10 10 10 10 10 2 2 2 2 10 10 10 8 10 10 10 8 8 10 10 10 2
left_child=1 6 -2 18 14 7 15 -6 9 16 -7 17 -13 -11 20 25 -8 -10 19 22 -5 -21 -3 -16 -17 -1
right_child=2 3 -4 4 5 10 8 -9 11 13 -12 12 -14 -15 23 24 -18 -19 -20 21 -22 -23 -24 -25 -26 -27
leaf_value=-0.010312234896090136 -0.0027935900232349559 0.001391046501817997 -0.024215346044207962 -0.0013712152112478801 -0.00066643513454605447 0.00024367868975787454 -0.0053977297144576731 0.0003538532851483496 0.0042740667315215161 -0.0034643563399952113 0.00133258951913171 -0.0023877705456166283 0.00014433442855790298 -0.00034132560024633995 -0.0015493000148225024 -0.0054677511183490336 -0.0018552790163430893 -0.0013194786178365712 -0.0028383133121357555 0.0023485002758527312 -0.0031422620700171729 8.7480043574748948e-05 0.006173137992836795 0.0026601954562119547 -0.0011078128233437535 -0.0044000588766792241
leaf_weight=4214 2377 2505 2008 49339 366282 227112 25678 508706 7660 12496 277725 33953 42626 30068 2039 2039 9839 3317 2401 39109 25210 9967 8595 5327 3439 2050
leaf_count=4214 2377 2505 2008 49339 366282 227112 25678 508706 7660 12496 277725 33953 42626 30068 2039 2039 9839 3317 2401 39109 25210 9967 8595 5327 3439 2050
internal_value=-2.36433e-05 1.66961e-05 -0.014139 0.000243334 0.000153266 0.000262454 -0.00192445 -7.30475e-05 -0.00158328 -0.00275944 0.000844039 -0.000521275 -0.000982645 -0.00129473 -0.00167276 -0.00645142 -0.0044641 0.00257384 0.00232459 0.00255723 -0.00199107 0.00190087 0.00522627 0.0014324 -0.00310242 -0.00889001
internal_weight=1.70608e+06 1.7017e+06 4385 1.52432e+06 1.46174e+06 1.37982e+06 177379 874988 165637 78081 504837 87556 76579 42564 81915 11742 35517 10977 62577 60176 74549 49076 11100 7366 5478 6264
internal_count=1706081 1701696 4385 1524317 1461740 1379825 177379 874988 165637 78081 504837 87556 76579 42564 81915 11742 35517 10977 62577 60176 74549 49076 11100 7366 5478 6264
is_linear=0
shrinkage=0.03


Tree=24
num_leaves=31
num_cat=0
split_feature=25 2 13 16 19 8 24 17 18 8 31 12 18 24 16 8 14 22 32 24 17 19 19 16 16 18 13 22 11 7
split_gain=900.791 802.915 325.317 285.196 268.694 259.269 262.21 226.104 189.301 176.28 166.782 155.25 120.881 118.245 117.887 108.703 105.109 97.5379 89.4478 80.8139 84.1827 80.3905 77.1585 67.0203 55.4692 53.1206 82.2692 49.4243 43.3439 30.9548
threshold=-1.0000000180025095e-35 -0.010734138078987597 -11.957477092742918 -0.15688096731901166 -0.036504346877336495 -1.3352846503257749 -3.4999999999999996 -0.44797050952911371 -0.10786180570721625 -2.4653966426849361 14.854555606842043 -16.907661437988278 -0.49185648560523981 -18.499999999999996 -0.15688096731901166 -2.8737926483154292 -2.1156527996063228 -13.499999999999998 118.50000000000001 -8.4999999999999982 0.29802101850509649 -0.010714599862694739 -1.1327409744262693 0.15326476097106936 -0.28217040002346033 -0.18294951319694516 -11.349367618560789 -4.4999999999999991 -0.022582968696951863 -0.024563331156969067
decision_type=8 10 10 8 8 10 2 10 10 10 8 10 8 2 10 10 10 2 10 2 10 8 10 8 10 10 10 2 10 10
left_child=1 5 3 16 7 6 15 29 11 -9 14 -5 13 -7 -6 23 24 -10 -18 22 -21 -12 -14 -1 -3 26 -8 -15 -17 -4
right_child=-2 2 4 8 10 12 25 9 17 -11 21 -13 19 27 -16 28 18 -19 -20 20 -22 -23 -24 -25 -26 -27 -28 -29 -30 -31
leaf_value=-0.0040115580774207323 -0.017844384531902156 0.0040418530208839428 0.0055297862104061214 -0.0027624689564291834 0.00082706418496096069 0.0057409308754133468 -0.0038735320342611051 -0.0022585279153718935 -0.0022910014462405761 0.00062488791013538727 -0.0024045533833899802 -0.00078210220214874004 -0.0047614384467140189 -0.0039419212540273583 -0.0013783948534313647 -0.0068536200972930421 -0.0020141632821850677 0.0014281092300211266 0.0036708368764151915 -0.0017398997558234586 0.0014584310787940709 -0.0093717915854490789 -0.00078437450622573007 -0.012809277062150522 0.0015030429568532184 0 0.0011673668667525189 0.0012491344075619575 -0.0037909894619275065 0.0010300169665305484
leaf_weight=2086 2048 10012 9017 39996 32167 3961 11074 18940 6854 976596 4473 316661 10132 2045 64815 6680 11410 45330 2642 19187 11329 2389 8225 2552 38183 12915 3524 4144 23807 2117
leaf_count=2086 2048 10012 9017 39996 32167 3961 11074 18940 6854 976596 4473 316661 10132 2045 64815 6680 11410 45330 2642 19187 11329 2389 8225 2552 38183 12915 3524 4144 23807 2117
internal_value=-2.01897e-05 6.29644e-06 0.000187411 -0.000472539 0.000467723 -0.00233688 -0.00367585 0.000617862 -0.00076127 0.000568624 -0.000980843 -0.00100858 -0.000891921 0.00200743 -0.00064332 -0.00538174 0.00141003 0.000916829 -0.000835275 -0.00151437 -0.000538484 -0.0053427 -0.00306344 -0.00968622 0.0020727 -0.0014301 -0.00263841 -0.000587713 -0.00457148 0.00478103
internal_weight=1.70531e+06 1.70326e+06 1.5816e+06 471088 1.11051e+06 121661 62638 1.00667e+06 408841 995536 103844 356657 59023 10150 96982 35125 62247 52184 14052 48873 30516 6862 18357 4638 48195 27513 14598 6189 30487 11134
internal_count=1705311 1703263 1581602 471088 1110514 121661 62638 1006670 408841 995536 103844 356657 59023 10150 96982 35125 62247 52184 14052 48873 30516 6862 18357 4638 48195 27513 14598 6189 30487 11134
is_linear=0
shrinkage=0.03


Tree=25
num_leaves=31
num_cat=0
split_feature=12 21 4 1 17 19 8 18 12 3 27 15 31 16 1 3 31 12 16 27 9 18 27 8 17 12 14 23 9 9
split_gain=908.967 1005.99 725.812 438.337 297.052 297.48 253.869 242.022 250.148 173.73 151.132 134.33 129.772 127.328 104.928 88.9951 81.3835 73.8618 63.8448 62.3266 61.0152 45.7092 38.4667 31.4253 32.8197 24.2149 23.7074 23.5736 22.5742 19.2152
threshold=-12.668993949890135 -0.25000000745058054 -0.092331301420927034 -0.052734911441802972 -0.40009537339210505 -0.052715584635734551 -3.0967004299163814 -0.10077995806932448 -16.318267822265621 -0.0042068883776664725 0.099271211773157134 -0.016238868236541745 14.081744670867922 -0.233374148607254 -0.40720117092132563 -0.0021323605906218286 12.214275836944582 -17.008963584899899 -0.1303976699709892 0.065544988960027709 -0.29658740758895868 -0.52740082144737233 0.081485208123922362 -0.79455786943435658 -0.24098858982324597 -14.466782093048094 -2.1071780920028682 -0.41875258088111872 -0.36593014001846308 -1.1158590316772459
decision_type=8 2 10 10 8 8 10 10 8 10 10 10 8 10 10 10 8 10 10 10 8 10 10 10 10 10 10 10 10 10
left_child=2 -2 3 6 16 7 14 8 -6 10 -8 -11 20 23 -1 -9 18 -15 -4 -19 -7 -14 25 24 -5 -18 -25 -20 -24 -16
right_child=1 -3 4 13 5 12 9 15 -10 11 -12 -13 21 17 29 -17 22 19 27 -21 -22 -23 28 26 -26 -27 -28 -29 -30 -31
leaf_value=-0.010643938656268887 -0.00047720926028780198 -0.022414260522388329 0.0052557269325412635 0.0057234632202356342 -0.00085975380726858986 -0.0010739571509178962 -0.0057921421321973955 -0.0001062691485113906 0.00047820914891898842 -0.0034016483735958632 -0.0013720132597043468 -0.00099088647606308876 -0.0073251702868149552 -0.0032534982780311715 -0.0060390404221649227 0.0023844738414314482 -0.00077650836643814336 -0.00096631079646063698 0.0026978902903740543 0.00047287566498996542 0.0004591221521179728 -0.002632208558229225 0.0012794679880955271 0.0021516622526605348 0.0016682097244102227 0.0022725370190356834 -0.0012299712970058872 -0.00077811243865562871 0.0053847492161422606 -0.0028626100415582809
leaf_weight=3119 4288 2925 14703 3921 144312 106875 16465 15398 951168 24787 12838 127391 2695 6446 3833 71608 7479 42760 4503 71791 29244 8213 3626 4694 4491 2807 2387 2249 2050 7316
leaf_count=3119 4288 2925 14703 3921 144312 106875 16465 15398 951168 24787 12838 127391 2695 6446 3833 71608 7479 42760 4503 71791 29244 8213 3626 4694 4491 2807 2387 2249 2050 7316
internal_value=-1.27413e-05 -0.0102883 3.37158e-05 -0.00122267 0.000339642 0.000264618 -0.0021308 0.000423119 0.000301368 -0.00181451 -0.0039212 -0.00139537 -0.00100523 8.05717e-05 -0.00593592 0.00194215 0.00295886 -0.000248704 0.00415674 -6.36061e-05 -0.000741917 -0.00408821 0.00125317 0.00259828 0.00380717 9.45225e-05 0.000966206 0.00152489 0.00312665 -0.00419275
internal_weight=1.70638e+06 7213 1.69917e+06 332239 1.36693e+06 1.32951e+06 195749 1.18249e+06 1.09548e+06 181481 29303 152178 147027 136490 14268 87006 37417 120997 21455 114551 136119 10908 15962 15493 8412 10286 7081 6752 5676 11149
internal_count=1706382 7213 1699169 332239 1366930 1329513 195749 1182486 1095480 181481 29303 152178 147027 136490 14268 87006 37417 120997 21455 114551 136119 10908 15962 15493 8412 10286 7081 6752 5676 11149
is_linear=0
shrinkage=0.03


Tree=26
num_leaves=31
num_cat=0
split_feature=12 21 8 13 24 16 18 13 16 16 15 24 17 19 0 20 8 31 20 3 32 2 8 20 0 0 11 18 16 23
split_gain=916.357 946.343 754.271 560.48 337.533 332.815 259.136 286.232 180.429 164.916 130.312 126.771 113.091 107.379 92.106 100.393 66.4332 63.3779 62.8385 60.3972 54.4383 49.5602 44.328 33.6887 24.5025 23.5967 23.5563 21.6376 19.0676 16.3323
threshold=-12.668993949890135 -0.25000000745058054 -2.0143042802810665 -13.073032855987547 -3.4999999999999996 -0.19262676686048505 -0.19212298840284345 -11.76980400085449 -0.13218434900045392 0.1673783361911774 -0.013895332813262938 -6.4999999999999991 -0.40009537339210505 -0.12679243087768552 0.06362739205360414 -1.2800117731094358 -3.0967004299163814 12.127337455749513 -0.18419122695922849 -0.0013632833724841473 64.500000000000014 0.00035616458626464015 -3.0967004299163814 -0.53797382116317738 -0.098082840442657457 -0.042151987552642815 -0.020698716863989827 -0.17857591062784192 -0.093479003757238374 -0.96465635299682606
decision_type=8 2 10 10 2 8 10 8 8 8 10 2 10 10 10 10 8 8 10 10 8 10 10 8 10 8 10 10 8 10
left_child=2 28 4 8 9 12 7 -7 18 21 24 -8 17 -14 15 -10 27 -5 26 -18 -16 25 -11 -24 -6 -1 -4 -12 -2 -20
right_child=1 -3 3 5 10 6 11 -9 14 22 16 -13 13 -15 20 -17 19 -19 29 -21 -22 -23 23 -25 -26 -27 -28 -29 -30 -31
leaf_value=-0.0056460041677044541 0.0011453166241423608 -0.022100391911615013 -0.0028237949818409459 0.0057284491663013894 -0.0059059839748904332 -0.00072265445831574558 -0.0017556242159830187 0.00032181006236644232 -0.0058737714430141461 -0.012649481989898122 -0.0039372619294035871 0.0011446427735360928 0.0023838321034441554 0.00019196271055970589 0.0012127273781594688 -0.0024672701460493494 -0.0018677409493686812 0.0020387722141660155 0.0015094266694907128 0.00035611916895469806 -0.0019157202305981177 0.00025517705515901531 -0.0025963056372815953 -0.0082102465324902785 -0.0023432330528513727 -0.0027666981642959863 0.0005069767981234931 -0.00096665336300065963 -0.0024587584167339851 0.0047672237775995196
leaf_weight=6646 2033 2925 2631 9773 5572 340723 13745 766311 9124 2571 6915 278165 48769 34687 8187 60470 15998 9076 4334 32144 11212 2388 2396 3398 4422 8090 4312 4170 2204 2792
leaf_count=6646 2033 2925 2631 9773 5572 340723 13745 766311 9124 2571 6915 278165 48769 34687 8187 60470 15998 9076 4334 32144 11212 2388 2396 3398 4422 8090 4312 4170 2204 2792
internal_value=-1.65412e-05 -0.0103682 2.99559e-05 0.000184039 -0.00256419 0.00033136 0.000209972 0 -0.00195025 -0.00548864 -0.00145139 0.00100429 0.00197924 0.00148296 -0.00244891 -0.00295687 -0.000890684 0.00406593 0.00115921 -0.000388324 -0.000583042 -0.00359597 -0.00890795 -0.00632705 -0.00454493 -0.00422764 -0.000819794 -0.00293561 -0.000727759 0.00305406
internal_weight=1.70618e+06 7162 1.69902e+06 1.60431e+06 94710 1.50125e+06 1.39894e+06 1.10703e+06 103062 25489 69221 291910 102305 83456 88993 69594 59227 18849 14069 48142 19399 17124 8365 5794 9994 14736 6943 11085 4237 7126
internal_count=1706183 7162 1699021 1604311 94710 1501249 1398944 1107034 103062 25489 69221 291910 102305 83456 88993 69594 59227 18849 14069 48142 19399 17124 8365 5794 9994 14736 6943 11085 4237 7126
is_linear=0
shrinkage=0.03


Tree=27
num_leaves=30
num_cat=0
split_feature=0 4 11 16 12 17 19 0 18 11 18 16 16 14 27 14 23 32 8 8 32 29 16 5 0 19 23 5 18
split_gain=867.841 529.402 355.924 347.353 315.366 264.75 242.074 241.234 195.978 171.124 170.378 150.905 123.478 106.31 105.425 85.6515 85.1274 85.1942 62.3119 58.0117 53.2933 53.0179 44.4235 42.4376 35.9082 28.8447 21.8796 19.833 6.38138
threshold=-0.26674902439117426 -0.077226426452398286 -0.0047824389766901723 -0.1617259085178375 -12.668993949890135 -0.38354165852069849 -0.047567758709192269 -0.036169052124023431 -0.093255639076232896 -0.022045589052140709 -0.13561969995498654 0.085662871599197402 0.052420606836676605 -2.4932054281234737 0.09834634512662889 -1.8221266865730283 -2.6737115383148189 74.500000000000014 -0.5994933247566222 -0.552911877632141 124.50000000000001 -0.12408898398280142 -0.29940402507781977 -1.1015369296073911 0.19484496116638186 -0.10939575731754302 -1.2746467590332029 0.17962331324815753 -0.077903840690851198
decision_type=10 8 8 8 10 8 10 10 10 10 10 8 10 8 10 10 10 8 10 10 10 10 10 10 10 10 10 10 10
left_child=2 3 11 15 5 14 8 9 -7 12 -11 23 -5 28 21 22 20 -18 -17 -8 -9 -3 24 26 -2 -24 -1 -16 -13
right_child=1 4 -4 7 -6 6 19 16 -10 10 -12 13 -14 -15 27 18 17 -19 -20 -21 -22 -23 25 -25 -26 -27 -28 -29 -30
leaf_value=-0.0046899746697941728 0.0052597460814439844 -0.00048194531852474988 -0.017315468007936704 -0.0012864585696129997 -0.010029111564409764 0.00033970642345166051 -0.00060624662615042292 -0.0031692994094837225 0.0020189356028041511 -0.0025064555647325531 -9.9846576643711451e-05 -0.0050277876757511266 -0.00760185266788946 -0.01185311717057091 0.0062158587811558955 0.00069286252169107633 0.00027175770078809316 -0.00094896289890556936 -0.0052299195195296948 -0.0021943919937126625 0.00015941991252244208 0.0023166980187094574 0.0019329656163620857 0.0015913404043960027 0.00054741489411348461 -0.00066331923946100712 -0.00082672696443226567 0.0029797671970639445 -0.001712631999385853
leaf_weight=2718 5914 7411 2005 4684 2121 1040071 97039 16304 66196 90253 37814 2291 8007 2923 6689 3777 96983 108011 2074 26436 5542 27056 25604 2209 2238 4074 3066 5069 2038
leaf_count=2718 5914 7411 2005 4684 2121 1040071 97039 16304 66196 90253 37814 2291 8007 2923 6689 3777 96983 108011 2074 26436 5542 27056 25604 2209 2238 4074 3066 5069 2038
internal_value=-6.95942e-06 6.21804e-05 -0.00660604 -0.000873153 0.000363622 0.000385054 0.000300431 -0.00117443 0.000441325 -0.00214878 -0.00180135 -0.00467335 -0.00543082 -0.0076822 0.0026026 0.00164008 -0.000565122 -0.000370722 -0.0016058 -0.000956167 -0.00232676 0.00170808 0.00216433 -0.00161657 0.00410712 0.00156154 -0.00291859 0.00502367 -0.00386813
internal_weight=1.70662e+06 1.68937e+06 17250 411279 1.27809e+06 1.27597e+06 1.22974e+06 367598 1.10627e+06 140758 128067 15245 12691 7252 46225 43681 226840 204994 5851 123475 21846 34467 37830 7993 8152 29678 5784 11758 4329
internal_count=1706617 1689367 17250 411279 1278088 1275967 1229742 367598 1106267 140758 128067 15245 12691 7252 46225 43681 226840 204994 5851 123475 21846 34467 37830 7993 8152 29678 5784 11758 4329
is_linear=0
shrinkage=0.03


end of trees

feature_importances:
Column_16=79
Column_0=61
Column_8=53
Column_18=49
Column_13=47
Column_2=42
Column_9=39
Column_19=33
Column_1=31
Column_12=31
Column_24=27
Column_4=25
Column_17=25
Column_23=24
Column_11=23
Column_20=20
Column_32=20
Column_27=19
Column_14=17
Column_15=16
Column_7=14
Column_29=12
Column_31=12
Column_6=11
Column_3=10
Column_21=9
Column_28=8
Column_30=8
Column_5=6
Column_25=6
Column_22=4
Column_26=3
Column_10=2

parameters:
[boosting: gbdt]
[objective: regression]
[metric: l2]
[tree_learner: serial]
[device_type: cpu]
[data_sample_strategy: bagging]
[data: ]
[valid: ]
[num_iterations: 2000]
[learning_rate: 0.03]
[num_leaves: 31]
[num_threads: 2]
[seed: 1]
[deterministic: 0]
[force_col_wise: 0]
[force_row_wise: 0]
[histogram_pool_size: -1]
[max_depth: 6]
[min_data_in_leaf: 2000]
[min_sum_hessian_in_leaf: 0.001]
[bagging_fraction: 0.8]
[pos_bagging_fraction: 1]
[neg_bagging_fraction: 1]
[bagging_freq: 1]
[bagging_seed: 18467]
[bagging_by_query: 0]
[feature_fraction: 0.8]
[feature_fraction_bynode: 1]
[feature_fraction_seed: 26500]
[extra_trees: 0]
[extra_seed: 15724]
[early_stopping_round: 0]
[early_stopping_min_delta: 0]
[first_metric_only: 0]
[max_delta_step: 0]
[lambda_l1: 10]
[lambda_l2: 500]
[linear_lambda: 0]
[min_gain_to_split: 0]
[drop_rate: 0.1]
[max_drop: 50]
[skip_drop: 0.5]
[xgboost_dart_mode: 0]
[uniform_drop: 0]
[drop_seed: 6334]
[top_rate: 0.2]
[other_rate: 0.1]
[min_data_per_group: 100]
[max_cat_threshold: 32]
[cat_l2: 10]
[cat_smooth: 10]
[max_cat_to_onehot: 4]
[top_k: 20]
[monotone_constraints: ]
[monotone_constraints_method: basic]
[monotone_penalty: 0]
[feature_contri: ]
[forcedsplits_filename: ]
[refit_decay_rate: 0.9]
[cegb_tradeoff: 1]
[cegb_penalty_split: 0]
[cegb_penalty_feature_lazy: ]
[cegb_penalty_feature_coupled: ]
[path_smooth: 0]
[interaction_constraints: ]
[verbosity: -1]
[saved_feature_importance_type: 0]
[use_quantized_grad: 0]
[num_grad_quant_bins: 4]
[quant_train_renew_leaf: 0]
[stochastic_rounding: 1]
[linear_tree: 0]
[max_bin: 255]
[max_bin_by_feature: ]
[min_data_in_bin: 3]
[bin_construct_sample_cnt: 200000]
[data_random_seed: 41]
[is_enable_sparse: 1]
[enable_bundle: 1]
[use_missing: 1]
[zero_as_missing: 0]
[feature_pre_filter: 1]
[pre_partition: 0]
[two_round: 0]
[header: 0]
[label_column: ]
[weight_column: ]
[group_column: ]
[ignore_column: ]
[categorical_feature: ]
[forcedbins_filename: ]
[precise_float_parser: 0]
[parser_config_file: ]
[objective_seed: 19169]
[num_class: 1]
[is_unbalance: 0]
[scale_pos_weight: 1]
[sigmoid: 1]
[boost_from_average: 1]
[reg_sqrt: 0]
[alpha: 0.9]
[fair_c: 1]
[poisson_max_delta_step: 0.7]
[tweedie_variance_power: 1.5]
[lambdarank_truncation_level: 30]
[lambdarank_norm: 1]
[label_gain: ]
[lambdarank_position_bias_regularization: 0]
[eval_at: ]
[multi_error_top_k: 1]
[auc_mu_weights: ]
[num_machines: 1]
[local_listen_port: 12400]
[time_out: 120]
[machine_list_filename: ]
[machines: ]
[gpu_platform_id: -1]
[gpu_device_id: -1]
[gpu_device_id_list: ]
[gpu_use_dp: 0]
[num_gpu: 1]

end of parameters

pandas_categorical:null
