tree
version=v4
num_class=1
num_tree_per_iteration=1
label_index=0
max_feature_idx=27
objective=regression
feature_names=Column_0 Column_1 Column_2 Column_3 Column_4 Column_5 Column_6 Column_7 Column_8 Column_9 Column_10 Column_11 Column_12 Column_13 Column_14 Column_15 Column_16 Column_17 Column_18 Column_19 Column_20 Column_21 Column_22 Column_23 Column_24 Column_25 Column_26 Column_27
feature_infos=[-1.056964635848999:0.48779439926147461] [-4.1209239959716797:0.74997055530548096] [-0.11188590526580811:0.13687151670455933] [-0.10048085451126099:0.15692850947380066] [-0.20158103108406067:0.47218838334083557] [-4.0158696174621582:4.4148941040039062] [-16:0] [-0.42303618788719177:0] [-10.72308349609375:-0.0034432073589414358] [-3.4266149997711182:-0.013721644878387451] [-1:1] [-0.083798855543136597:0] [-23.142679214477539:-7.611177921295166] [-19.45045280456543:-5.8052029609680176] [-6.6806416511535645:0.71334981918334961] [-0.12240695953369141:0.90466606616973877] [-0.73777669668197632:1.1664085388183594] [-0.83558398485183716:3.8637986183166504] [-0.92586225271224976:0] [-24.789472579956055:0] [-6.59521484375:0.89390450716018677] [-1:0] [-39:0] [-14.89865779876709:-0.0012750033056363463] [-41:0] [-1:0] [0:13] [-0.10033726692199707:0.76671123504638672]
tree_sizes=2749 2726 3254 2738 3219 3041 3017 3260 3054 2842 2950 2939 3016 3254 3166 3258 3030 3249 3237 3160 2949 3236 3270 3207 3235 3209 3260 3238

Tree=0
num_leaves=26
num_cat=0
split_feature=4 6 1 12 0 16 12 16 23 18 0 16 24 12 0 18 16 1 27 27 0 16 0 12 22
split_gain=2714.62 2345.82 991.866 677.962 648.859 454.068 428.775 458.21 383.842 329.803 212.74 202.262 213.479 199.579 157.245 132.848 98.9812 78.8527 78.1565 63.4432 39.7695 50.87 30.8087 13.2396 12.3543
threshold=1.0000000180025095e-35 -1.0000000180025095e-35 -0.11369013786315917 -16.437147140502926 -0.26674902439117426 -0.233374148607254 -12.668993949890135 -0.26814237236976618 -2.2612673044204707 -0.11440601944923399 -0.042151987552642815 -0.15688096731901166 -3.4999999999999996 -16.953179359436032 -0.058577775955200188 -0.093255639076232896 -0.023406748659908768 -0.46341681480407709 0.065544988960027709 0.073731865733861937 0.19484496116638186 -0.28217040002346033 0.07352426648139955 -16.543988227844235 -2.4999999999999996
decision_type=8 2 10 8 10 10 10 8 10 10 10 8 2 8 10 10 8 10 8 10 8 10 8 10 2
left_child=1 2 4 11 17 20 7 19 14 -9 -10 23 16 22 -6 -14 -13 -1 -15 -5 21 -4 -7 24 -3
right_child=-2 3 5 6 8 13 -8 9 10 -11 -12 12 15 18 -16 -17 -18 -19 -20 -21 -22 -23 -24 -25 -26
leaf_value=-0.018362477277213501 -0.033928670435349771 -0.0015632160981835391 0.0036505541902879433 -0.0011354308751231898 -0.012598679890831231 -0.0092041307589170885 -0.01395623516608808 -0.0023212911674240777 -0.006955620078010245 -0.00043395615005339602 -0.0042542056451814712 -0.0047763519335448836 -0.004352966145580099 -0.0046416489649756254 -0.0077193785928920226 -0.00092340464098321275 -0.0079872744318924896 -0.010160615694400884 -0.0032862435186482835 0.0032335394911289744 -0.0022013583356230121 -0.00053302042266423428 -0.0047047017557679607 -0.0026587545628797239 0.0013136918887629964
leaf_weight=4155 2040 3414 6541 4582 10070 7272 2253 1132905 54053 89688 52763 16664 72595 68876 20140 11293 20736 3707 87717 15614 3121 6076 2516 2165 4170
leaf_count=4155 2040 3414 6541 4582 10070 7272 2253 1132905 54053 89688 52763 16664 72595 68876 20140 11293 20736 3707 87717 15614 3121 6076 2516 2165 4170
internal_value=-0.0029379 -0.00289152 -0.00517332 -0.00234844 -0.00702186 -0.00369391 -0.00213216 -0.00210606 -0.00650799 -0.00218162 -0.00563633 -0.00439647 -0.00473404 -0.00415941 -0.00948625 -0.00387847 -0.00660754 -0.0151937 -0.00388781 0.00232452 0.00109458 0.00182753 -0.00821838 -0.000343701 0.000221394
internal_weight=1.70513e+06 1.70309e+06 327007 1.37608e+06 144888 182119 1.24504e+06 1.24279e+06 137026 1.22259e+06 106816 131037 121288 166381 30210 83888 37400 7862 156593 20196 15738 12617 9788 9749 7584
internal_count=1705126 1703086 327007 1376079 144888 182119 1245042 1242789 137026 1222593 106816 131037 121288 166381 30210 83888 37400 7862 156593 20196 15738 12617 9788 9749 7584
is_linear=0
shrinkage=1


Tree=1
num_leaves=26
num_cat=0
split_feature=4 6 8 16 12 2 12 1 16 19 12 16 17 2 16 0 24 1 18 20 16 0 6 20 2
split_gain=2457.78 2286.5 960.621 688.946 620.864 446.437 445.791 392.182 386.393 376.92 223.116 217.317 124.668 116.384 116.091 106.493 93.83 71.0305 70.1961 52.633 50.1853 45.2366 30.4489 29.6466 15.2835
threshold=-1.0000000180025095e-35 -1.0000000180025095e-35 -2.3743073940277095 -0.1617259085178375 -16.761588096618649 -0.015403118915855883 -12.668993949890135 -0.40720117092132563 -0.22658324986696241 -0.038355739787220948 -16.332362174987789 -0.14779078215360639 -0.40009537339210505 -0.025263412855565544 -0.26814237236976618 -0.11881250143051146 -3.4999999999999996 -0.16603523492813108 -0.10430943965911864 -0.38065421581268305 -0.044767471030354493 0.19484496116638186 -2.4999999999999996 -0.21180534362792966 0.0069617019034922132
decision_type=8 2 10 8 10 10 8 10 8 8 8 8 10 10 10 8 2 10 10 8 8 8 2 8 10
left_child=1 2 7 14 11 13 8 22 12 -10 -7 24 -6 -5 21 17 20 -9 -18 -16 -13 -4 -1 -17 -3
right_child=-2 4 3 5 6 10 -8 15 9 -11 -12 16 -14 -15 19 23 18 -19 -20 -21 -22 -23 -24 -25 -26
leaf_value=-0.016063474041514786 -0.029442199459584928 0.0013209975009545543 0.0056506702228214618 -0.009902659153753041 0.0061134262939655905 -0.0034278242461320304 -0.011435421022615024 -0.009738012036374347 0.00079099899685380339 -0.0011156332219210299 -0.0011798632978103627 -0.0023189378179669091 0.0024464749777646467 -0.0045754829951726445 -0.0024606489159939276 -0.0012130129823697887 -0.0026092699670012248 -0.0032836477276057411 0.001143308309569131 0.0015536135664776744 -0.0058451430546890525 0.00094205852974018581 -0.0072543256632660487 -0.004409849750526695 0.0049048962898991287
leaf_weight=3751 2048 3360 9022 4675 11560 51765 2212 6375 1171235 100833 174114 6846 33931 26289 2915 4000 26870 3097 4947 20290 12761 2757 2047 15846 2029
leaf_count=3751 2048 3360 9022 4675 11560 51765 2212 6375 1171235 100833 174114 6846 33931 26289 2915 4000 26870 3097 4947 20290 12761 2757 2047 15846 2029
internal_value=0 4.39075e-05 -0.00220921 -0.00163695 0.000579855 -0.00217568 0.000712536 -0.00686671 0.000737488 0.000639251 -0.00170279 -0.00247644 0.00344116 -0.00553391 0.00228471 -0.00527205 -0.00308211 -0.00792821 -0.00200786 0.000995423 -0.00471713 0.00465624 -0.0138238 -0.00382591 0.00302318
internal_weight=1.70558e+06 1.70353e+06 326943 291827 1.37658e+06 256843 1.31977e+06 35116 1.31756e+06 1.27207e+06 225879 56813 45491 30964 34984 29318 51424 9472 31817 23205 19607 11779 5798 19846 5389
internal_count=1705575 1703527 326943 291827 1376584 256843 1319771 35116 1317559 1272068 225879 56813 45491 30964 34984 29318 51424 9472 31817 23205 19607 11779 5798 19846 5389
is_linear=0
shrinkage=0.03


Tree=2
num_leaves=31
num_cat=0
split_feature=13 0 1 9 8 19 17 0 8 13 19 11 8 1 27 27 17 1 11 13 9 7 17 24 23 15 0 8 11 5
split_gain=2398.11 1404.69 1067.46 749.742 583.924 440.182 377.668 374.057 293.986 277.769 331.369 247.616 232.207 225.573 214.992 177.207 164.139 158.497 136.241 133.002 93.0227 88.8851 82.8057 153.514 75.9732 74.4787 58.7309 51.6502 50.2528 50.2048
threshold=-12.870800971984862 -0.13697075843811032 -0.46341681480407709 -0.56006106734275807 -2.8737926483154292 -0.0032354212598875161 -0.38354165852069849 0.029393672943115238 -2.7092440128326412 -12.002213954925535 -0.052715584635734551 -0.020698716863989827 -2.4653966426849361 -0.46341681480407709 0.084348589181900038 0.086347457021474852 0.047068376094102866 0.12745681405067447 -0.0097589357756078226 -11.946274757385252 -0.34394568204879755 -0.037164717912673943 0.42172574996948248 -9.4999999999999982 -0.87722742557525624 -0.020471394062042233 -0.001507759094238281 -1.4021266698837278 -0.019402673467993733 -1.0077498555183408
decision_type=10 10 10 8 10 10 10 10 10 8 10 10 10 10 10 10 8 10 10 10 10 10 10 2 10 10 10 10 10 10
left_child=4 2 18 5 13 12 15 11 -4 14 -11 16 21 -1 -8 -5 29 27 -2 -14 25 -3 24 -24 -13 -10 -18 -9 -19 -6
right_child=1 3 8 6 7 -7 9 17 20 10 -12 22 19 -15 -16 -17 26 28 -20 -21 -22 -23 23 -25 -26 -27 -28 -29 -30 -31
leaf_value=-0.019750370104918501 -0.010418760325352746 -0.0057532912703206892 -0.0081869864280036397 0.0020285525098292672 -0.0044503317342052514 -0.012917484632139511 -0.00058144543232259958 -0.0042627007351050041 -0.0050646538733150571 0.0012316890798136021 -0.00049534628636573649 -0.0044238473979500747 -0.0015434125976892465 -0.0056352192508660505 0.0013374569356477061 0.0059580387564550303 -0.0095369292822054582 -0.0011536741989430887 -0.022302828781354304 -4.0990714416328788e-05 0.0017897543471048008 -0.0020104888020626801 -0.0062727436326880711 0.00089276933095857767 -0.0016527402258633092 -0.001318621449678422 -0.0035886871480386639 -0.0016461807536300504 0.0023679398338772245 0.0012295188329385196
leaf_weight=2183 4679 8917 6920 29111 2595 2188 203832 8548 6118 762884 114516 49807 71948 2697 70217 16648 13158 4865 2059 199598 5803 18019 3227 9167 12275 20808 2807 37833 10913 2128
leaf_count=2183 4679 8917 6920 29111 2595 2188 203832 8548 6118 762884 114516 49807 71948 2697 70217 16648 13158 4865 2059 199598 5803 18019 3227 9167 12275 20808 2807 37833 10913 2128
internal_value=-8.25923e-06 0.000356444 -0.0047564 0.000516515 -0.00347271 -0.000821305 0.000852952 -0.00312638 -0.00277421 0.000745477 0.00100579 -0.00430651 -0.000710178 -0.0132539 -8.71501e-05 0.00351361 -0.00721945 -0.00129488 -0.0153816 -0.000442276 -0.00151477 -0.00334272 -0.0034506 -0.00112053 -0.00389831 -0.00225753 -0.00865006 -0.00217512 0.00126157 -0.00196106
internal_weight=1.70647e+06 1.54426e+06 46387 1.49788e+06 162203 300670 1.19721e+06 157323 39649 1.15145e+06 877400 95164 298482 4880 274049 45759 20688 62159 6738 271546 32729 26936 74476 12394 62082 26926 15965 46381 15778 4723
internal_count=1706468 1544265 46387 1497878 162203 300670 1197208 157323 39649 1151449 877400 95164 298482 4880 274049 45759 20688 62159 6738 271546 32729 26936 74476 12394 62082 26926 15965 46381 15778 4723
is_linear=0
shrinkage=0.03


Tree=3
num_leaves=26
num_cat=0
split_feature=4 13 8 9 16 16 6 2 13 8 18 15 8 2 20 1 4 16 23 11 9 5 14 8 6
split_gain=2357.03 2114.52 1225.55 575.975 595.217 518.835 368.791 320.449 304.242 260.545 205.867 162.435 123.535 102.151 91.5388 48.3113 43.2329 40.2893 38.4659 33.5082 26.569 24.0785 20.9097 8.72771 6.69625
threshold=1.0000000180025095e-35 -12.870800971984862 -2.4653966426849361 -0.51465147733688343 -0.26814237236976618 -0.1303976699709892 -1.4999999999999998 -0.021633690223097798 -11.759100914001463 -0.26570250093936915 -0.27485078573226923 -0.018794417381286618 -1.5762252211570738 0.0013774961698800328 -1.2800117731094358 -0.16603523492813108 -0.055148093029856675 -0.32340739667415613 -1.2943465709686277 -0.021105589345097538 -0.5541749596595763 -0.63303491473197926 -2.739548802375793 -1.9338980317115781 -2.4999999999999996
decision_type=8 8 10 10 8 8 2 10 10 10 10 10 10 10 10 10 10 10 10 10 10 10 10 10 2
left_child=1 5 6 9 17 13 15 23 -6 10 -4 -8 19 18 -14 24 -13 -5 21 -9 -15 -1 -22 -7 -3
right_child=-2 2 3 4 8 7 11 12 -10 -11 -12 16 14 20 -16 -17 -18 -19 -20 -21 22 -23 -24 -25 -26
leaf_value=-0.0051813167279987759 -0.0290791213388444 -0.013366776559124192 -0.0009402751865463288 0.0074196271602736267 4.1400216115410679e-05 -0.01299329543443852 -0.0089870971616309026 -0.0079977637197309638 0.001111876590188634 -0.010096795383613121 0.00048863839912306284 -0.0027168072629841409 -0.0055640246046304003 -0.00042078992783245385 -0.0027046364689749416 -0.0050159673346784374 0.00015565728313196226 0.0043020813842511762 0.00067881721395081764 -0.0046392283405723564 0.0041892139141430518 -0.00065783143779545407 0.0013815323225286108 -0.0073951515196856461 -0.0074525974645616219
leaf_weight=2270 2006 3502 243517 8336 355030 2215 3142 4887 734331 2019 143767 21208 11741 2001 95947 3202 5710 14981 3520 19756 6692 2264 5241 5393 3539
leaf_count=2270 2006 3502 243517 8336 355030 2215 3142 4887 734331 2019 143767 21208 11741 2001 95947 3202 5710 14981 3520 19756 6692 2264 5241 5393 3539
internal_value=-5.65333e-06 3.69116e-05 0.000379854 0.000519233 0.000866726 -0.00321874 -0.00474977 -0.00389049 0.000763456 -0.000473015 -0.000409116 -0.00296927 -0.00351514 0.0010346 -0.00304344 -0.00956567 -0.00210482 0.00556159 -0.00157139 -0.005463 0.00256393 -0.00327185 0.00308535 -0.00976276 -0.0111252
internal_weight=1.70622e+06 1.70421e+06 1.54228e+06 1.50198e+06 1.11268e+06 161927 40303 139939 1.08936e+06 389303 387284 30060 132331 21988 107688 10243 26918 23317 8054 24643 13934 4534 11933 7608 7041
internal_count=1706217 1704211 1542284 1501981 1112678 161927 40303 139939 1089361 389303 387284 30060 132331 21988 107688 10243 26918 23317 8054 24643 13934 4534 11933 7608 7041
is_linear=0
shrinkage=0.03


Tree=4
num_leaves=31
num_cat=0
split_feature=4 13 9 0 16 16 13 19 1 0 11 13 19 16 2 2 17 27 14 15 0 20 2 16 9 9 20 14 20 19
split_gain=2364.71 2047.95 1037.83 629.734 629.403 476.288 463.544 258.224 221.852 215.168 200.03 191.064 170.249 164.412 112.969 105.602 82.991 80.7492 57.268 56.7869 55.1521 47.9004 40.7354 35.7104 33.863 32.8502 31.7663 29.4486 28.9145 11.3688
threshold=1.0000000180025095e-35 -12.979273796081541 -0.56607553362846363 -0.13697075843811032 -0.26814237236976618 -0.077418729662895189 -12.002213954925535 -0.052715584635734551 -0.25203484296798701 0.028807759284973148 -0.020698716863989827 -11.900589466094969 -0.034516893327236169 -0.1617259085178375 0.00153766421135515 -0.012783643323928116 0.29802101850509649 0.07592471688985826 -2.721624374389648 -0.021534264087676998 -0.0052680969238281241 -0.56402987241744984 0.0058580217882990846 -0.14149632304906842 -0.30691894888877863 -0.51465147733688343 -0.17394930124282834 -2.2175716161727901 -0.13614851236343381 -0.038355739787220948
decision_type=8 8 10 10 8 8 8 8 10 10 10 10 8 8 10 10 10 10 8 10 10 10 10 10 10 10 8 10 10 10
left_child=1 5 3 8 17 14 13 -8 18 10 20 15 -13 -6 21 -5 -12 29 -3 -10 -7 -1 24 26 -11 -23 -16 -19 -25 -4
right_child=-2 2 4 11 6 9 7 -9 19 22 16 12 -14 -15 23 -17 -18 27 -20 -21 -22 25 -24 28 -26 -27 -28 -29 -30 -31
leaf_value=-0.0052737607952631051 -0.028898338724264193 -0.0053461589426920262 0.0026394514850448508 -0.005603717535034137 0.0017425099596952028 -0.0094158095536878532 0.0011729248736308752 -0.00027219479163912862 -0.0071997698847660078 -0.0032370047021117623 -0.0053163644200767638 -5.6870723406262935e-05 -0.0033539228140668986 -0.00060328938534776944 0.00032393054504053977 -0.001655690912941866 -0.0026488795522933324 0.0071697284228536612 -0.012007130433750611 -0.0022882702986452594 -0.0039116705018537512 -0.003824308231113622 0.0012726262438717698 0.0015304570918130026 -0.0008012010515600662 0 0.0038914059560724488 0.0040860297540607207 -0.0021236853929752853 -8.4155731947509665e-05
leaf_weight=2976 2045 3475 2709 6311 29244 12475 793421 128853 2564 25870 35868 189687 14748 276743 3895 82833 17988 13021 4963 11395 3302 2266 2068 3640 7312 7482 5953 7727 3159 2008
leaf_count=2976 2045 3475 2709 6311 29244 12475 793421 128853 2564 25870 35868 189687 14748 276743 3895 82833 17988 13021 4963 11395 3302 2266 2068 3640 7312 7482 5953 7727 3159 2008
internal_value=-1.86675e-06 4.11044e-05 0.000345858 -0.0011891 0.000733272 -0.00350791 0.000635007 0.000970661 -0.00598441 -0.00444959 -0.00542199 -0.000812698 -0.000303787 -0.000375639 -0.000116988 -0.00196824 -0.0044635 0.00535785 -0.00975005 -0.00342894 -0.00843781 -0.00220773 -0.00247135 0.00148133 -0.00272902 -0.00103078 0.00259325 0.00615859 -0.000155428 0.00152558
internal_weight=1.706e+06 1.70396e+06 1.5697e+06 315976 1.25373e+06 134254 1.22826e+06 922274 22397 104883 69633 293579 204435 305987 29371 89144 53856 25465 8438 13959 15777 12724 35250 16647 33182 9748 9848 20748 6799 4717
internal_count=1706001 1703956 1569702 315976 1253726 134254 1228261 922274 22397 104883 69633 293579 204435 305987 29371 89144 53856 25465 8438 13959 15777 12724 35250 16647 33182 9748 9848 20748 6799 4717
is_linear=0
shrinkage=0.03


Tree=5
num_leaves=29
num_cat=0
split_feature=4 13 8 9 2 17 1 18 23 2 18 27 8 1 7 18 13 13 7 8 9 1 18 9 8 18 24 22
split_gain=2164.46 1993.93 997.916 523.884 487.018 339.333 293.919 244.94 234.333 231.019 219.345 211.809 185.755 166.365 121.84 91.8635 85.8972 80.1838 72.8667 58.0361 56.3836 52.0691 51.0057 42.7068 38.2873 35.244 23.7085 16.3598
threshold=1.0000000180025095e-35 -12.797373771667479 -2.4653966426849361 -0.52176383137702931 -0.007959744427353142 -0.35268484055995936 -0.36397081613540644 -0.17159824073314664 -1.3597775697708128 0.0071211112663149842 -0.27485078573226923 0.084348589181900038 -0.29780004918575281 -0.56995189189910878 -0.030160431750118729 -0.10077995806932448 -12.979273796081541 -12.236170768737791 -0.056706821545958512 -1.3352846503257749 -0.42453719675540919 0.068114548921585097 -0.13272676616907117 -1.1158590316772459 -1.0825312733650205 -0.44242826104164118 -4.4999999999999991 -3.4999999999999996
decision_type=8 10 10 10 10 8 10 10 10 10 10 10 8 10 8 10 10 10 8 10 10 10 10 10 10 10 2 2
left_child=1 4 6 10 8 11 -3 -7 13 16 12 -5 -4 -1 23 18 21 -12 -10 -15 -18 -6 -16 -8 -17 27 -27 -11
right_child=-2 2 3 5 9 7 14 -9 15 25 17 -13 -14 19 22 24 20 -19 -20 -21 -22 -23 -24 -25 -26 26 -28 -29
leaf_value=-0.010732990568304122 -0.027848781128925599 -0.011583656922755996 -0.00093889272357810226 0.0016082246145178397 -0.0033808670773608877 0.00048296380224387977 -0.0076459519889128611 0.0017110465485926387 0.0013669138379465309 0.0011010739673772848 -0.0010523300650170818 0.0051420415330454168 -0.008239214127003059 -0.0064446949467210088 -0.002086796197987577 0.0037166324412463286 -0.0021889400692392527 0.00082105094368199272 -0.0041360487232517317 -0.003885532003161934 0.00037768069401784116 -0.0015691128430256474 0.0019177783691217253 -0.0038490674729385393 -0.0012749718409256797 0.001562760431965527 -0.001473059076012547 0.005055027586621341
leaf_weight=6215 2012 4042 228339 44431 48751 871540 4137 175723 2272 2111 24657 23702 2703 21458 11772 2488 14352 110635 12025 19841 15409 23171 3231 16398 2098 6509 2914 2852
leaf_count=6215 2012 4042 228339 44431 48751 871540 4137 175723 2272 2111 24657 23702 2703 21458 11772 2488 14352 110635 12025 19841 15409 23171 3231 16398 2098 6509 2914 2852
internal_value=-2.17124e-05 1.91333e-05 0.000375055 0.000501423 -0.00293964 0.000824715 -0.00429548 0.000690032 -0.00498441 -0.00175099 -0.000481884 0.00287044 -0.0010432 -0.00610697 -0.003309 -0.00205964 -0.00225532 0.0004748 -0.00322464 -0.00528358 -0.000865854 -0.00281618 -0.00117099 -0.00479181 0.00147324 0.00174954 0.000566801 0.00368284
internal_weight=1.70579e+06 1.70378e+06 1.52131e+06 1.48173e+06 182466 1.1154e+06 39580 1.04726e+06 66397 116069 366334 68133 231042 47514 35538 18883 101683 135292 14297 41299 29761 71922 15003 20535 4586 14386 9423 4963
internal_count=1705788 1703776 1521310 1481730 182466 1115396 39580 1047263 66397 116069 366334 68133 231042 47514 35538 18883 101683 135292 14297 41299 29761 71922 15003 20535 4586 14386 9423 4963
is_linear=0
shrinkage=0.03


Tree=6
num_leaves=29
num_cat=0
split_feature=4 4 16 0 12 12 16 16 19 11 16 6 6 24 0 12 16 3 9 0 9 17 17 16 14 0 2 19
split_gain=2281.21 1763.5 813.737 625.136 496.547 399.618 362.335 328.202 297.153 274.997 151.674 149.696 130.105 104.925 91.833 78.3641 63.4572 61.4922 60.7306 56.6925 55.4607 54.8955 47.0974 44.847 37.5934 16.0339 8.30016 4.1811
threshold=1.0000000180025095e-35 -0.092331301420927034 -0.0029655327089130874 -0.17898744344711301 -16.651364326477047 -12.668993949890135 -0.28217040002346033 -0.19262676686048505 -0.034516893327236169 -0.022045589052140709 -0.14779078215360639 -1.4999999999999998 -2.4999999999999996 -3.4999999999999996 0.0041867792606353768 -16.506715774536129 -0.28217040002346033 -0.012145837768912314 -0.38638947904109949 0.19484496116638186 -0.37736308574676508 0.29802101850509649 -0.021204085089266297 -0.059945242479443543 -2.9798569679260249 0.068959116935729994 0.0069617019034922132 -0.66674837470054615
decision_type=8 8 8 10 8 8 8 10 8 10 8 2 2 2 10 10 10 10 10 8 10 10 10 8 8 10 10 10
left_child=1 2 7 12 10 6 17 16 -8 14 26 -11 24 23 -5 25 19 -6 -17 -1 -15 -14 -18 -12 -4 -9 27 -3
right_child=-2 4 3 9 5 -7 8 15 -10 11 13 -13 21 20 -16 18 22 -19 -20 -21 -22 -23 -24 -25 -26 -27 -28 -29
leaf_value=0.0058604110748824902 -0.028343167705968914 0 -0.0068438843414897928 -0.0079386682100597156 0.00060208288391450375 -0.010834852666801566 0.00075250173382686509 -0.0039531071036914452 -0.00097404158284882273 -0.0036108984405145237 -0.0016427550070451818 -0.0015422887739808691 -0.0073432036014960686 -0.0023285572092168441 -0.0032831019940621755 -0.00095653468036296387 0.0022512927986586364 0.0060176789483729629 0.00089590092343591588 0.00052479024257533885 -0.00019024549148819757 -0.0027279883192873355 -0.0016564676688270372 -0.0047215489901499498 -0.01426072490946856 -0.0012419855234955021 0.0035924474586148617 0.0019019265188217832
leaf_weight=7535 2053 2018 2981 10122 2485 2218 1178198 7777 96536 44680 7089 113007 9076 24354 8215 81538 14450 12778 19185 2607 20222 4519 2934 16775 3650 3880 2541 2259
leaf_count=7535 2053 2018 2981 10122 2485 2218 1178198 7777 96536 44680 7089 113007 9076 24354 8215 81538 14450 12778 19185 2607 20222 4519 2934 16775 3650 3880 2541 2259
internal_value=-6.03093e-06 3.62474e-05 -0.00190866 -0.0031525 0.000515092 0.000653436 0.000677611 -0.00015675 0.000621184 -0.00256077 -0.001845 -0.00213988 -0.0081017 -0.00227369 -0.0060114 -0.000879661 0.002747 0.00520205 -0.00059805 0.00460618 -0.00137803 -0.00598157 0.00154711 -0.00387176 -0.0116822 -0.00316359 0.00227854 0.00114083
internal_weight=1.70568e+06 1.70363e+06 336156 196250 1.36747e+06 1.29222e+06 1.29e+06 139906 1.27473e+06 176024 75258 157687 20226 68440 18337 112380 27526 15263 100723 10142 44576 13595 17384 23864 6631 11657 6818 4277
internal_count=1705682 1703629 336156 196250 1367473 1292215 1289997 139906 1274734 176024 75258 157687 20226 68440 18337 112380 27526 15263 100723 10142 44576 13595 17384 23864 6631 11657 6818 4277
is_linear=0
shrinkage=0.03


Tree=7
num_leaves=31
num_cat=0
split_feature=13 0 9 11 16 16 0 8 19 13 16 13 16 17 8 24 0 20 15 24 11 3 8 9 23 17 0 19 5 15
split_gain=1847.19 1126.03 618.338 558.343 491.659 427.702 380.012 343.065 315.803 308.903 254.944 223.18 173.601 166.594 158.996 140.742 166.843 133.35 120.697 114.679 65.9874 61.5852 60.6392 58.8609 57.3976 37.8114 36.2622 35.9855 26.666 26.0699
threshold=-13.008988380432127 -0.13697075843811032 -0.51465147733688343 -0.0062256953679025165 -0.26814237236976618 -0.13218434900045392 -0.26674902439117426 -2.7092440128326412 -0.0032354212598875161 -12.002213954925535 -0.032679356634616845 -12.059886455535887 -0.093479003757238374 -0.075957357883453355 -1.9338980317115781 -4.4999999999999991 0.0068746209144592294 -0.16886955499649045 -0.021534264087676998 -3.4999999999999996 -0.023222441785037514 -0.0020016878843307491 -0.66073125600814808 -0.30691894888877863 -0.94292205572128285 -0.056435201317071908 -0.14457958936691281 -1.1011289954185484 0.28761042654514318 -0.011338114738464354
decision_type=10 10 10 10 8 8 10 10 8 8 10 10 8 10 10 2 10 10 10 2 10 10 10 10 10 10 8 10 8 10
left_child=5 3 8 7 22 24 -7 19 11 17 -11 14 26 -13 -3 16 20 -6 -14 -2 -8 -17 -4 -18 25 -1 -9 -23 -24 -21
right_child=1 2 4 -5 9 6 15 12 -10 10 -12 13 18 -15 -16 21 23 -19 -20 29 -22 27 28 -25 -26 -27 -28 -29 -30 -31
leaf_value=0.0013561817926370041 -0.013390879466316457 -0.0041683906730515816 0.0064514277394659885 -0.016205583377519261 0.0006361237615571685 -0.012784515095527447 -0.0090844185937896602 0.0032413257129437563 -0.0099479244144450498 0.00055507821167937214 0.0016275862333167016 -0.00061488053155172564 -0.0062970021736582392 0.00082778335755822924 -0.0011155815963339363 -0.0037436510667566078 -0.0036944581422131773 -0.00073093116705184478 -0.0018569154231945998 -0.0077132075314056614 -0.0052287232141488551 0.00054085091352369902 0.00043629243533986536 -0.00068572253304627622 0.0036412649822723333 -0.001921927154831905 -0.00086200469614802473 -0.0019639142832933456 0.0039678048163577888 -0.0027088497922511503
leaf_weight=6475 2834 18858 13095 2778 106882 3982 6254 5238 2703 490319 338245 195136 7228 113473 80429 15554 24745 158960 23167 2101 27875 6631 2983 8300 4727 5280 2512 18308 7438 3315
leaf_count=6475 2834 18858 13095 2778 106882 3982 6254 5238 2703 490319 338245 195136 7228 113473 80429 15554 24745 158960 23167 2101 27875 6631 2983 8300 4727 5280 2512 18308 7438 3315
internal_value=1.03025e-05 0.000292232 0.000436731 -0.0041526 0.000802431 -0.00344645 -0.00411063 -0.00325941 -0.000557981 0.000708585 0.000993988 -0.00048292 -0.00199013 -8.29734e-05 -0.0017164 -0.00372945 -0.00457963 -0.000180017 -0.00300731 -0.00864474 -0.00606489 -0.0022731 0.00505177 -0.00296917 0.00102364 -0.000110108 0.00190332 -0.00128859 0.00305064 -0.00518869
internal_weight=1.70582e+06 1.57769e+06 1.52852e+06 49173 1.11792e+06 128131 111649 46395 410599 1.09441e+06 828564 407896 38145 308609 99287 107667 67174 265842 30395 8250 34129 40493 23516 33045 16482 11755 7750 24939 10421 5416
internal_count=1705825 1577694 1528521 49173 1117922 128131 111649 46395 410599 1094406 828564 407896 38145 308609 99287 107667 67174 265842 30395 8250 34129 40493 23516 33045 16482 11755 7750 24939 10421 5416
is_linear=0
shrinkage=0.03


Tree=8
num_leaves=29
num_cat=0
split_feature=4 13 9 8 16 16 15 9 18 2 13 2 0 27 8 0 18 18 8 24 2 4 0 19 9 19 24 0
split_gain=2018.99 1708.48 729.717 577.842 434.034 407.652 340.207 328.254 308.597 296.874 226.352 158.671 158.154 157.508 116.576 112.706 111.514 89.1818 77.1282 65.7218 48.2263 42.7696 42.2078 39.1067 37.9315 25.5655 20.1524 9.22573
threshold=1.0000000180025095e-35 -12.513070583343504 -0.70188963413238514 -1.5762252211570738 -0.233374148607254 -0.15688096731901166 -0.02272701263427734 -1.2479828000068662 -0.11440601944923399 -0.017048917710781094 -13.073032855987547 -0.0094865532591938955 -0.091554403305053697 0.076657697558403029 -0.64988845586776722 0.044150322675704963 -0.29720363020896906 -0.22581559419631955 -2.8737926483154292 -2.4999999999999996 0.0065123601816594609 -0.099748793989419923 -0.043116271495819085 -0.17230512201786038 -0.54561096429824818 -0.15930993854999539 -2.4999999999999996 -0.06277227401733397
decision_type=8 8 10 10 8 8 10 10 8 10 10 10 10 10 10 10 10 10 10 2 10 10 10 10 10 10 2 10
left_child=1 3 7 9 13 20 12 26 -8 27 15 21 -6 25 -15 -7 -13 -12 22 -20 24 -9 -11 -22 -5 -4 -3 -1
right_child=-2 2 4 5 6 10 8 11 -10 18 17 16 -14 14 -16 -17 -18 -19 19 -21 23 -23 -24 -25 -26 -27 -28 -29
leaf_value=-0.011225451980491607 -0.026773030096679796 -0.011397446795461189 0.0029145492958265267 -0.0023663323056858153 -0.0059941899855138914 -0.0039191748456898984 0.00050742232353092308 -0.0057446122408479705 0.0022797891461375916 -0.0091842164864262537 -0.0017840383837735888 -0.0017978015370423758 -0.0010169952753676464 0.0063355242454776273 0.0023678729630067039 -0.0014896121613171636 0.00014805046179277572 -0.00013299177674235151 -0.0041151405207609012 -0.0012376790529248041 0.0039585865948034678 -0.001684088667672644 -0.0028543589967604797 -0.0003943527952243691 0.001309187010425073 -2.2136986135754699e-05 -0.0053227188422451865 -0.0063989066532187007
leaf_weight=5690 2031 2239 3091 2478 8748 55775 1130738 8268 95635 3268 71635 62259 16371 17911 12333 26702 45301 50597 21882 11847 9993 4259 2335 2005 15651 9590 3119 3793
leaf_count=5690 2031 2239 3091 2478 8748 55775 1130738 8268 95635 3268 71635 62259 16371 17911 12333 26702 45301 50597 21882 11847 9993 4259 2335 2005 15651 9590 3119 3793
internal_value=1.19427e-06 4.11382e-05 0.000466116 -0.00208218 0.000678162 -0.00145669 0.000575316 -0.00171354 0.000646752 -0.00503987 -0.00193685 -0.00136607 -0.00284523 0.00362862 0.00479216 -0.00314993 -0.000978599 -0.00110637 -0.00379054 -0.00314607 0.00177449 -0.00450475 -0.00704543 0.00322048 0.000740659 0.000754327 -0.00866858 -0.00974217
internal_weight=1.70554e+06 1.70351e+06 1.41986e+06 283651 1.29442e+06 234836 1.25149e+06 125445 1.22637e+06 48815 204709 120087 25119 42925 30244 82477 107560 122232 39332 33729 30127 12527 5603 11998 18129 12681 5358 9483
internal_count=1705544 1703513 1419862 283651 1294417 234836 1251492 125445 1226373 48815 204709 120087 25119 42925 30244 82477 107560 122232 39332 33729 30127 12527 5603 11998 18129 12681 5358 9483
is_linear=0
shrinkage=0.03


Tree=9
num_leaves=27
num_cat=0
split_feature=4 13 8 16 16 4 1 16 6 13 21 2 0 15 27 0 8 2 8 7 20 16 11 4 23 0
split_gain=1814.28 1611.37 814.833 512.345 369.846 357.669 342.227 315.591 269.747 234.319 201.228 165.341 157.034 118.742 115.109 112.799 107.052 88.5837 69.5755 69.0893 47.8687 47.2099 41.785 25.5169 13.0792 6.66662
threshold=-1.0000000180025095e-35 -12.600508213043211 -2.4653966426849361 -0.13218434900045392 -0.233374148607254 -0.082503542304038988 -0.46341681480407709 -0.043853726238012307 -2.4999999999999996 -13.008988380432127 -0.15000000223517415 -0.006276908563449978 -0.26674902439117426 -0.015201628208160399 0.07592471688985826 0.034277379512786872 -1.4397476911544798 0.00153766421135515 -1.6977826356887815 -0.030160431750118729 -0.59350311756134022 -0.26814237236976618 -0.019714222289621827 -0.099999040365219102 -1.2095784544944761 -0.12402892112731932
decision_type=8 8 10 8 8 8 10 10 2 10 2 10 10 10 10 8 10 10 10 10 10 10 10 10 10 10
left_child=1 3 8 17 10 11 12 -7 -3 15 14 -6 -5 25 -4 -8 -11 20 -14 -15 -1 24 -23 -22 -19 -10
right_child=-2 2 4 6 5 7 9 -9 13 16 -12 -13 18 19 -16 -17 -18 21 -20 -21 23 22 -24 -25 -26 -27
leaf_value=-0.0041100391457759384 -0.025290020972952933 -0.011499560873258595 0.0010357716562077845 -0.012868941128120474 -0.0018202896311591403 0.00013806514311891886 -0.004172179696783661 0.0011246378116635458 -0.0086192791749134384 -0.0031185745971126686 -0.0046300761619370318 -5.1839788911709624e-05 -0.0081381854902123577 -0.003555633310106705 0.0045170790516289236 -0.0019968849267745499 -0.00077149748364435547 0.0022864312375787529 -0.0032127237805999846 -0.00055904274438377743 0.0015408214771548601 -0.0018478738373330684 0.0020269666654184979 -0.0012706481069475583 0.0063599765784750602 -0.003797232867610406
leaf_weight=2556 2051 3432 12342 3000 76785 578661 64210 590115 2822 22767 2399 124832 4402 15046 32560 35451 75157 2514 8887 13372 5327 2504 14926 5259 2436 2052
leaf_count=2556 2051 3432 12342 3000 76785 578661 64210 590115 2822 22767 2399 124832 4402 15046 32560 35451 75157 2514 8887 13372 5327 2504 14926 5259 2436 2052
internal_value=-8.95031e-06 2.87167e-05 0.000411126 -0.00219656 0.00052618 0.000435272 -0.0027503 0.00063671 -0.00396978 -0.0023909 0.00312155 -0.000729668 -0.00689097 -0.003026 0.00358874 -0.00341522 -0.0013333 0.00112103 -0.00510198 -0.00219002 -0.000798972 0.00225442 0.00141757 0.000122741 0.00474572 -0.00718716
internal_weight=1.70586e+06 1.70381e+06 1.45442e+06 249396 1.41769e+06 1.37039e+06 213874 1.16878e+06 36724 197585 47301 201617 16289 33292 44902 99661 97924 35522 13289 28418 13142 22380 17430 10586 4950 4874
internal_count=1705865 1703814 1454418 249396 1417694 1370393 213874 1168776 36724 197585 47301 201617 16289 33292 44902 99661 97924 35522 13289 28418 13142 22380 17430 10586 4950 4874
is_linear=0
shrinkage=0.03


Tree=10
num_leaves=28
num_cat=0
split_feature=4 13 9 16 16 2 0 13 16 13 18 27 23 18 9 18 0 17 0 23 16 23 6 3 12 14 5
split_gain=1676.65 1436.79 717.758 496.796 423.875 402.169 317.099 269.378 312.692 198.619 185.118 148.519 124.247 115.751 115.182 106.796 95.2894 84.973 83.1011 82.6559 46.9479 44.7336 43.0103 37.4721 33.7708 18.7501 18.0613
threshold=-1.0000000180025095e-35 -12.513070583343504 -0.70188963413238514 -0.14149632304906842 -0.22076833993196485 -0.018173678778111931 -0.19675326347351071 -11.665042400360106 -0.043853726238012307 -13.073032855987547 -0.12689303606748578 0.07592471688985826 -1.3974145054817197 -0.10077995806932448 -1.2479828000068662 -0.29720363020896906 0.029393672943115238 -0.37630504369735712 -0.039479136466979974 -1.6745041608810423 -0.26814237236976618 -0.5632934272289275 -1.4999999999999998 -0.00014867931167827916 -16.143670082092282 -2.241241335868835 0.42185845971107488
decision_type=8 10 10 8 8 10 10 10 10 10 10 10 10 10 10 10 10 10 10 10 10 10 2 10 10 10 8
left_child=1 3 6 19 11 12 22 10 -9 16 -6 21 18 -11 -8 -16 -7 -13 -5 24 25 -4 -3 -22 -1 -21 -26
right_child=-2 2 4 5 7 9 14 8 -10 13 -12 17 -14 -15 15 -17 -18 -19 -20 20 23 -23 -24 -25 26 -27 -28
leaf_value=0.0012389161625932607 -0.02441356708011241 -0.010770334477459618 -0.00031267096150164021 -0.0097367021370664067 -0.00038675768057230814 -0.0039237477712552715 -0.0061914729100552091 0.00027524405427943236 0.0014318511113472581 -0.00168122071249372 0.0014141503910854816 0.0065350724794492722 -0.0013995483038637139 0.00070454389010279797 -0.0019556454048712296 -0.0001075730055306287 -0.0018485543014552111 0.0032217349835982718 -0.0042683931258325741 0.005099869603391094 0.00061601667796189349 0.0027050838114024687 -0.0042426918318454803 0.0035719940684842354 -0.00051137856286261551 0.0011144746442446351 -0.0043564101435804043
leaf_weight=2319 2026 3067 10529 8901 336856 54854 3847 436320 407677 117883 60071 11177 3681 21168 66522 49235 34619 25288 5492 4886 18308 6837 2928 4644 2253 2009 2572
leaf_count=2319 2026 3067 10529 8901 336856 54854 3847 436320 407677 117883 60071 11177 3681 21168 66522 49235 34619 25288 5492 4886 18308 6837 2928 4644 2253 2009 2572
internal_value=9.53691e-06 4.59054e-05 0.000435482 -0.00190156 0.00064586 -0.00238787 -0.00172482 0.000531778 0.000834794 -0.00203549 -0.000112017 0.00324108 -0.00665244 -0.00131466 -0.00136495 -0.00117603 -0.00313888 0.00432009 -0.00788363 0.00132102 0.00201419 0.000901083 -0.00820042 0.00129031 -0.00147805 0.00413308 -0.00283394
internal_weight=1.70597e+06 1.70394e+06 1.42035e+06 283589 1.29476e+06 246598 125599 1.24092e+06 843997 228524 396927 53831 18074 139051 119604 115757 89473 36465 14393 36991 29847 17366 5995 22952 7144 6895 4825
internal_count=1705969 1703943 1420354 283589 1294755 246598 125599 1240924 843997 228524 396927 53831 18074 139051 119604 115757 89473 36465 14393 36991 29847 17366 5995 22952 7144 6895 4825
is_linear=0
shrinkage=0.03


Tree=11
num_leaves=28
num_cat=0
split_feature=4 2 9 12 0 16 8 23 19 1 19 16 24 12 8 20 0 23 24 5 16 0 15 0 24 2 22
split_gain=1695.11 1348.43 535.032 501.385 425.613 376.693 272.301 259.684 246.37 192.716 191.349 171.852 226.689 132.545 85.1921 82.1012 88.4995 81.896 69.349 57.9358 45.8402 44.5381 32.6989 23.0024 22.8085 22.0047 14.4539
threshold=1.0000000180025095e-35 -0.010734138078987597 -0.51465147733688343 -16.405456542968746 -0.13014173507690427 -0.26814237236976618 -3.0967004299163814 -1.7213407754898069 -0.0032354212598875161 -0.46341681480407709 -0.052715584635734551 -0.15688096731901166 -3.4999999999999996 -16.864598274230953 -1.3680359721183775 0.18467581272125247 -0.028237283229827877 -3.1864943504333492 -3.4999999999999996 -0.18249095231294629 -0.32340739667415613 -0.16459327936172483 -0.021534264087676998 0.047428369522094734 -17.499999999999996 -0.0010946154361590741 -3.4999999999999996
decision_type=8 8 10 8 10 8 10 10 8 10 8 8 2 10 10 10 10 10 2 10 10 10 10 10 2 10 2
left_child=1 4 6 11 9 20 21 17 13 -1 -7 26 -13 -8 22 18 -17 23 -9 -19 -5 -3 -11 -6 -16 -23 -4
right_child=-2 2 3 5 7 10 8 15 -10 14 -12 12 -14 -15 24 16 -18 19 -20 -21 -22 25 -24 -25 -26 -27 -28
leaf_value=-0.010289824534792699 -0.02458081754871053 -0.0084159268811495672 0.00084242140892466929 0.0061380450758355435 -0.0081538486586449806 0.00090598492129691222 -0.0040529452462617112 -0.0022114089588150779 -0.0087091648406323434 -0.0084916480014031615 -0.00035908692639332631 -0.002890399171100848 -0.0003291400995212471 -0.00034616181404221346 0.00085010479393498857 -0.00098175883867748109 0.0042004861240164124 -0.0038711190542861651 0.00013090661014107964 -0.00069772883718947497 0.0032006303439816993 -0.0042802169326240005 -0.0043719087855833873 -0.0031247666352708543 -0.0026255858292241127 -0.00050006899729911438 0.003352221682813239
leaf_weight=7697 2020 2515 4041 9656 4770 869921 8400 28082 2765 3668 122149 52255 76882 401249 2170 5694 5225 23451 18424 7239 15446 8228 9096 2333 4265 2040 6601
leaf_count=7697 2020 2515 4041 9656 4770 869921 8400 28082 2765 3668 122149 52255 76882 401249 2170 5694 5225 23451 18424 7239 15446 8228 9096 2333 4265 2040 6601
internal_value=5.59011e-06 4.21084e-05 0.00027708 0.000611602 -0.00298853 0.000843319 -0.00063209 -0.00202264 -0.000494478 -0.00629774 0.000749818 -0.00106946 -0.00137501 -0.00042775 -0.0044615 -0.000733059 0.00154714 -0.0039391 -0.00128556 -0.0031554 0.00444009 -0.0048635 -0.00585389 -0.00685562 -0.00143347 -0.00361515 0.00250669
internal_weight=1.70628e+06 1.70426e+06 1.58215e+06 1.15695e+06 122114 1.01717e+06 425197 95218 412414 26896 992070 139779 129137 409649 19199 57425 10919 37793 46506 30690 25102 12783 12764 7103 6435 10268 10642
internal_count=1706282 1704262 1582148 1156951 122114 1017172 425197 95218 412414 26896 992070 139779 129137 409649 19199 57425 10919 37793 46506 30690 25102 12783 12764 7103 6435 10268 10642
is_linear=0
shrinkage=0.03


Tree=12
num_leaves=29
num_cat=0
split_feature=21 13 3 8 16 16 8 18 9 13 6 7 2 18 27 20 8 15 23 16 18 14 23 3 3 5 0 0
split_gain=1659.73 1335.8 644.65 604.051 485.363 335.657 335.573 332.046 305.201 253.294 218.233 160.369 132.23 123.408 118.579 112.786 109.668 79.5991 68.0853 68.4739 52.4222 40.2004 28.811 26.5184 23.6423 21.758 20.1648 0.31062
threshold=-1.0000000180025095e-35 -12.513070583343504 -0.016103102825582024 -2.4653966426849361 -0.1303976699709892 -0.233374148607254 -2.060709953308105 -0.15454052388668058 -0.41170662641525263 -13.073032855987547 -2.4999999999999996 -0.02716054022312164 -0.017048917710781094 -0.13272676616907117 0.07592471688985826 -1.6173052787780759 -0.64988845586776722 -0.021534264087676998 -1.6324515938758848 -0.26814237236976618 -0.16932693868875501 -1.9761619567871092 -0.5632934272289275 -0.013644513208419083 -0.0045017795637249938 0.2712064683437348 0.032380431890487678 -0.081233561038970933
decision_type=2 10 10 10 8 8 10 10 10 8 2 10 10 10 10 10 10 10 10 10 10 10 10 10 10 8 10 10
left_child=1 4 -2 10 18 14 12 8 -7 15 -3 -9 27 -11 22 -8 -16 -12 23 25 -19 -14 -5 -1 -21 -20 -25 -6
right_child=2 3 -4 5 6 7 9 11 -10 13 17 -13 21 -15 16 -17 -18 20 19 24 -22 -23 -24 26 -26 -27 -28 -29
leaf_value=-0.0034757684421920388 -0.027012961272924404 -0.010536028537043626 -0.0039030584030396256 -0.00047368837207695344 -0.011784975434327081 -0.00023393124609725249 -0.0065144057547240281 0.00032451518574765927 0.00073626859337089755 -0.0016297807343457469 -0.0071314638361226384 0.0022887015188790905 -0.0050931036657398017 0.00056726184724291819 0.0054246925176806631 -0.0028339642120520795 0.0017307803999836702 -0.002788358534424122 0.0019866726131765092 -0.00017623971113711801 3.932165613405905e-05 -0.0011114345457276485 0.0023220276414695675 -0.0021891953321958434 0.001679326869087338 0.0060239126463926774 0.0011105679332353013 -0.0057541022028599976
leaf_weight=2440 2282 3095 2162 8264 2972 583627 8385 55735 582125 101388 2772 116914 12959 29209 19416 81337 12838 21421 3181 9040 7771 3392 4779 2043 16837 3468 4333 2015
leaf_count=2440 2282 3095 2162 8264 2972 583627 8385 55735 582125 101388 2772 116914 12959 29209 19416 81337 12838 21421 3181 9040 7771 3392 4779 2043 16837 3468 4333 2015
internal_value=-5.42582e-06 4.4811e-05 -0.0173625 0.000420514 -0.00183506 0.000519743 -0.00234876 0.000432891 0.000250394 -0.00198944 -0.00343962 0.00165912 -0.00591459 -0.00113582 0.0030467 -0.00321544 0.00401244 -0.00259156 0.00115268 0.00178493 -0.00203753 -0.0043424 0.000576429 -0.00111835 0.00102867 0.00440842 0 -0.0101493
internal_weight=1.7062e+06 1.70176e+06 4444 1.41876e+06 282999 1.3837e+06 241657 1.3384e+06 1.16575e+06 220319 35059 172649 21338 130597 45297 89722 32254 31964 41342 32526 29192 16351 13043 8816 25877 6649 6376 4987
internal_count=1706200 1701756 4444 1418757 282999 1383698 241657 1338401 1165752 220319 35059 172649 21338 130597 45297 89722 32254 31964 41342 32526 29192 16351 13043 8816 25877 6649 6376 4987
is_linear=0
shrinkage=0.03


Tree=13
num_leaves=31
num_cat=0
split_feature=0 1 13 9 16 16 11 12 14 8 16 17 0 11 13 17 17 17 1 9 27 2 8 2 17 15 20 9 15 7
split_gain=1593.19 1061.78 1059.65 532.428 350.785 275.858 262.902 262.189 227.943 223.657 180.845 166.892 154.586 169.616 137.617 118.718 101.546 68.6172 89.981 61.7532 61.2112 61.0995 60.5326 60.0155 41.4442 40.0149 39.151 39.0241 38.3841 33.8089
threshold=-0.16459327936172483 -0.46341681480407709 -12.845088958740233 -0.52176383137702931 -0.26814237236976618 -0.1303976699709892 -0.0064068948850035659 -12.668993949890135 -3.0756980180740352 -2.8737926483154292 0.059066066518425948 -0.37630504369735712 0.028807759284973148 -0.020698716863989827 -11.900589466094969 0.31345014274120336 0.070955190807580962 0.32930262386798864 -0.24134421348571775 -0.59416276216506947 0.07592471688985826 0.0087892366573214548 -0.73054748773574818 -0.00050904153613373626 0.036312816664576537 -0.030253410339355465 -0.2983133196830749 -0.30691894888877863 -0.0057948231697082511 -0.029859480448067185
decision_type=10 10 10 10 8 8 8 10 8 10 10 8 10 10 10 10 10 10 10 10 10 10 10 10 10 10 10 10 10 10
left_child=1 6 5 7 20 21 25 9 16 29 19 -10 13 24 -11 -15 -6 18 -12 -3 -5 26 -22 27 -7 -1 -2 -14 -20 -4
right_child=2 10 3 4 8 12 -8 -9 11 14 17 -13 23 15 -16 -17 -18 -19 28 -21 22 -23 -24 -25 -26 -27 -28 -29 -30 -31
leaf_value=-0.01407951808572391 -0.0019388106567464461 -0.003104877715360322 -0.0048872998922306456 0.0010127842291568693 -0.00054383235663390086 -0.0021083738014690471 -0.022960188903468251 -0.0086521654291881901 0.0030186994213367798 -0.0012517177593376972 -0.008541385830111492 0.00079196048979225642 -0.002628417688492886 -0.0035047849798916079 2.5823673772615144e-05 -0.00052012189142945978 0.00075639705651983939 -0.0016110723579085789 -0.0050353433607014664 0.0011607589882551531 0.0070349019446802529 0.0035526062132370554 0.0031999427708531967 4.3467504514306447e-06 -0.0069797558218262666 -0.0075663662307576523 0.0010399863026598515 -4.5877983802665352e-05 -0.00051092007876993219 -0.001776984357891155
leaf_weight=2639 5685 3879 10514 4501 177062 2604 2091 3085 31172 105434 5947 806725 26947 51450 265936 16169 77126 5500 3775 9558 8438 5324 9777 17875 13329 6264 10584 6833 3262 6085
leaf_count=2639 5685 3879 10514 4501 177062 2604 2091 3085 31172 105434 5947 806725 26947 51450 265936 16169 77126 5500 3775 9558 8438 5324 9777 17875 13329 6264 10584 6833 3262 6085
internal_value=-1.03971e-05 -0.0056839 0.000137527 0.000382322 0.00071647 -0.00220524 -0.0135257 -0.000569187 0.000638258 -0.000493088 -0.00280689 0.00087691 -0.00270737 -0.00350629 -0.000337266 -0.00280456 -0.000147427 -0.00469242 -0.00586729 -0.000116334 0.00436891 0.000915496 0.00513298 -0.00138815 -0.00629024 -0.0101749 -9.79997e-06 -0.00212306 -0.00315088 -0.00384994
internal_weight=1.70557e+06 42915 1.66266e+06 1.50586e+06 1.1148e+06 156800 10994 391054 1.09208e+06 387969 31921 837897 135207 83552 371370 67619 254188 18484 12984 13437 22716 21593 18215 51655 15933 8903 16269 33780 7037 16599
internal_count=1705570 42915 1662655 1505855 1114801 156800 10994 391054 1092085 387969 31921 837897 135207 83552 371370 67619 254188 18484 12984 13437 22716 21593 18215 51655 15933 8903 16269 33780 7037 16599
is_linear=0
shrinkage=0.03


Tree=14
num_leaves=30
num_cat=0
split_feature=4 13 9 2 17 19 1 4 27 9 2 23 12 18 15 0 18 18 20 9 0 13 0 0 7 18 9 2 7
split_gain=1463.92 1245.91 588.564 421.009 339.579 349.725 278.787 262.324 243.356 241.875 183.01 169.485 156.073 153.96 134.248 112.258 98.2003 97.5295 81.2541 78.9092 73.5523 64.4391 55.9804 39.9061 38.4016 28.4463 26.5654 19.2904 3.76188
threshold=1.0000000180025095e-35 -12.513070583343504 -0.70188963413238514 -0.0077923967037349931 -0.35268484055995936 -0.047567758709192269 -0.56995189189910878 -0.075580563396215425 0.087450258433818831 -1.2479828000068662 0.007286106003448368 -1.3723328709602354 -16.953179359436032 -0.59016326069831837 -0.013895332813262938 0.013402938842773439 -0.10077995806932448 -0.2239287197589874 0.38993957638740545 -0.56293609738349903 0.056827366352081306 -10.682845592498778 0.011451333761215212 -0.039479136466979974 -0.034197261556982987 -0.40537723898887629 -0.33368945121765131 0.0087892366573214548 -0.058057518675923341
decision_type=8 10 10 10 8 8 10 10 10 10 10 10 10 10 10 8 10 10 8 10 10 10 10 10 10 10 8 10 10
left_child=1 3 9 6 8 7 23 -6 21 24 12 15 26 -7 22 -8 -13 -16 -10 -14 25 -4 -11 28 -3 -12 -5 -22 -1
right_child=-2 2 4 10 5 13 11 -9 18 14 20 16 19 -15 17 -17 -18 -19 -20 -21 27 -23 -24 -25 -26 -27 -28 -29 -30
leaf_value=-0.012177933982174715 -0.022823904147787719 -0.01005121275562282 0.00040752894217239007 -0.0037128934340287887 -0.00043202399262793565 -0.0079666009842047202 -0.004826989450444668 0.00081700677854596164 0.0028758755159449144 -0.0053158330645046818 0.0015679857214212437 -0.0019345543179911855 -0.0022594343182192767 -0.0009727158396415687 -0.0014596901073228778 -0.0018846574536870891 0.0020333472726553857 0.00057829742216931282 0.0063765585261726151 -0.0004482374164098082 0.00083496117733732284 0.0025384625750227876 9.5581452004844779e-06 -0.0041362951094596236 -0.0036972446135190695 -0.0014043132876633468 -0.0017655529869999515 0.0039814854142825986 -0.0065996606632977807
leaf_weight=2704 2027 2713 33117 22699 180251 2440 36060 924998 13568 9043 4429 23467 27085 105902 80866 19141 6820 27994 13808 105840 2924 20985 2043 2900 2700 6476 11777 8139 3329
leaf_count=2704 2027 2713 33117 22699 180251 2440 36060 924998 13568 9043 4429 23467 27085 105902 80866 19141 6820 27994 13808 105840 2924 20985 2043 2900 2700 6476 11777 8139 3329
internal_value=-6.9002e-06 2.67488e-05 0.000389632 -0.00178599 0.000579947 0.000453202 -0.00341889 0.000612932 0.00244983 -0.00156859 -0.000963381 -0.00285241 -0.00130257 -0.00116886 -0.00126775 -0.00383819 -0.00101281 -0.000932618 0.00473503 -0.000826622 0.00157945 0.00125524 -0.00435048 -0.00836972 -0.00751323 -0.00015501 -0.00309101 0.00324786 -0.00988645
internal_weight=1.70624e+06 1.70422e+06 1.42043e+06 283790 1.29507e+06 1.21359e+06 94421 1.10525e+06 81478 125359 189369 85488 167401 108342 119946 55201 30287 108860 27376 132925 21968 54102 11086 8933 5413 10905 34476 11063 6033
internal_count=1706245 1704218 1420428 283790 1295069 1213591 94421 1105249 81478 125359 189369 85488 167401 108342 119946 55201 30287 108860 27376 132925 21968 54102 11086 8933 5413 10905 34476 11063 6033
is_linear=0
shrinkage=0.03


Tree=15
num_leaves=31
num_cat=0
split_feature=21 2 12 23 13 20 17 2 0 0 9 12 9 12 9 9 0 2 24 20 1 13 17 0 1 17 19 5 19 0
split_gain=1472.37 1152.12 750.531 447.595 390.091 302.079 302.357 259.689 209.44 205.085 204.907 200.794 137.377 127.333 151.844 114.315 99.2081 95.3233 80.102 79.9996 79.0824 77.4796 61.4138 46.9665 37.0304 56.8412 35.285 34.6223 31.6775 29.7271
threshold=-1.0000000180025095e-35 -0.0083002704195678217 -14.104099273681639 -1.9502196311950681 -12.072710037231444 -0.0053610205650329581 -0.40951630473136896 0.0082805766724050062 -0.13014173507690427 -0.071074545383453355 -0.43330650031566614 -16.953179359436032 -1.04204386472702 -16.276276588439938 -0.49684694409370417 -0.47688731551170344 0.047428369522094734 -0.017048917710781094 -1.0000000180025095e-35 0.38250395655632025 -0.24134421348571775 -12.048396110534666 0.32930262386798864 -0.0019641518592834468 -0.25203484296798701 0.36917427182197576 -0.1075637750327587 0.12475526705384256 -0.1551660671830177 0.089017301797866835
decision_type=2 8 8 10 10 10 10 10 10 10 10 10 10 10 10 10 10 10 2 10 8 10 10 10 10 10 10 10 8 10
left_child=1 3 -2 8 7 12 19 11 24 17 -8 29 -6 20 -15 -13 28 27 -14 -7 -11 23 -19 -10 25 -1 -18 -5 -9 -3
right_child=2 4 -4 9 5 6 10 16 21 13 -12 15 18 14 -16 -17 26 22 -20 -21 -22 -23 -24 -25 -26 -27 -28 -29 -30 -31
leaf_value=-0.012253294702933362 -0.0034635993713052217 -0.0031038402215194626 -0.027950763818163075 -0.0061498639251839219 -0.0040575921042325328 0.00094752733073021913 -0.00042045393921622356 0.00081841767050625208 -0.0052767347060580757 0.00065711736213127129 0.00057870931998661908 -0.0012712739798458092 0.0010486208003544816 -0.0016490140528976312 0.0012567007626171666 -5.4928642297409256e-05 0.0042148391471951169 -0.0025505211038316499 0.0020084523315480472 0.0041462796032194858 -0.0033769561564927432 -0.0005900539339612909 0.00027032041553748002 -0.0028032350410140757 -0.0035480520509547772 -0.0053155375023380864 0.00030621150861223791 -0.0017874049253826423 -0.0028831381461389867 -0.00018746707354326078
leaf_weight=3930 2396 33517 2012 8231 3700 11311 320999 11651 16895 5548 433270 109091 218574 24356 45790 191928 14037 35748 126093 21384 16411 7195 8250 16777 2145 3412 2718 2930 2001 3783
leaf_count=3930 2396 33517 2012 8231 3700 11311 320999 11651 16895 5548 433270 109091 218574 24356 45790 191928 14037 35748 126093 21384 16411 7195 8250 16777 2145 3412 2718 2930 2001 3783
internal_value=-2.51451e-06 4.46204e-05 -0.0164105 -0.00210572 0.000327959 0.000603364 0.000276939 -0.000518885 -0.00453695 -0.00125985 0.000153095 -0.000759037 0.00133845 -0.000384954 0.000239006 -0.000498111 0.00211248 -0.00269878 0.00140304 0.00307963 -0.00235244 -0.00351393 -0.00201775 -0.00411215 -0.00851718 -0.00961189 0.00362541 -0.0051561 0.00017198 -0.00282239
internal_weight=1.70608e+06 1.70168e+06 4408 197618 1.50406e+06 1.13533e+06 786964 368726 50354 147264 754269 338319 348367 92105 70146 301019 30407 55159 344667 32695 21959 40867 43998 33672 9487 7342 16755 11161 13652 37300
internal_count=1706083 1701675 4408 197618 1504057 1135331 786964 368726 50354 147264 754269 338319 348367 92105 70146 301019 30407 55159 344667 32695 21959 40867 43998 33672 9487 7342 16755 11161 13652 37300
is_linear=0
shrinkage=0.03


Tree=16
num_leaves=29
num_cat=0
split_feature=4 4 8 16 13 19 2 16 18 18 17 16 19 17 13 8 19 12 24 16 9 19 13 14 10 6 0 0
split_gain=1334.23 1105.99 573.148 401.788 384.19 304.83 294.759 234.936 235.43 180.774 182.079 174.946 139.288 170.273 136.37 133.052 119.885 119.114 66.1827 65.7594 55.699 55.3955 52.4141 50.9508 19.7498 19.0077 12.8568 3.98699
threshold=-1.0000000180025095e-35 -0.094242721796035753 -3.0967004299163814 -0.1617259085178375 -12.002213954925535 -0.052715584635734551 -0.014779508113861082 -0.16428591310977933 -0.1111960895359516 -0.093255639076232896 -0.34722222387790674 0.17575962841510775 -1.0000000180025095e-35 -0.37630504369735712 -13.073032855987547 -1.3908153772354124 -0.12679243087768552 -16.864598274230953 -6.4999999999999991 -0.29940402507781977 -0.56931522488594044 -0.73265734314918507 -12.711158275604246 -2.1156527996063228 -0.016375523991882798 -1.4999999999999998 0.0054841339588165292 -0.046026825904846184
decision_type=8 10 10 8 10 8 10 8 10 8 10 8 8 10 10 10 10 10 2 10 10 10 10 10 8 2 8 10
left_child=1 2 11 19 7 9 15 16 17 10 -6 25 13 -7 -8 -5 20 -9 -10 23 -3 -11 -21 -4 -18 26 -1 -27
right_child=-2 4 3 6 5 12 14 8 18 21 -12 -13 -14 -15 -16 -17 24 -19 -20 22 -22 -23 -24 -25 -26 27 -28 -29
leaf_value=-0.0074723401893548435 -0.021686037531776337 -0.0015466548816132097 0.0054144069872042689 -0.0058203612099564641 0.0026814770834975052 0.0020039668327552292 -0.0026999760648855611 -0.0027976097547064527 -0.0034152290741135375 0.00084745460026049645 0.00068641277743132186 -0.012587743768630793 -0.0057588556731738459 -0.00080611070409898242 -0.00087636448870501431 -0.0021932760842842186 -0.0025603647889702701 -0.00087308803693165495 0.0016089353398468702 -0.0010367581372594679 0.003232016573803548 0.0033132951184167122 0.0017945759157377116 0 0.00012851817596923752 -0.0037933110827422217 -0.0028817267110097427 -0.0013270589533487952
leaf_weight=3804 2051 2032 5829 19165 43097 22278 45774 33490 2015 11723 808556 3669 3989 129717 193313 19441 4044 212071 38470 7724 23854 34535 20025 2070 4828 4234 2006 2055
leaf_count=3804 2051 2032 5829 19165 43097 22278 45774 33490 2015 11723 808556 3669 3989 129717 193313 19441 4044 212071 38470 7724 23854 34535 20025 2070 4828 4234 2006 2055
internal_value=-6.01508e-06 2.62612e-05 -0.00153434 -0.00124593 0.000400516 0.000677276 -0.00163154 -0.000507389 -0.000791751 0.000890005 0.000789237 -0.00703277 -0.000544301 -0.000387049 -0.00123166 -0.00405292 0.00180234 -0.00114193 0.00131294 0.00173065 0.00282333 0.00271055 0.000991446 0.00407812 -0.00113632 -0.00489172 -0.00628884 -0.00318871
internal_weight=1.70586e+06 1.70381e+06 329109 313341 1.3747e+06 1.0539e+06 277693 320804 286046 897911 851653 15768 155984 151995 239087 38606 34758 245561 40485 35648 25886 46258 27749 7899 8872 12099 5810 6289
internal_count=1705859 1703808 329109 313341 1374699 1053895 277693 320804 286046 897911 851653 15768 155984 151995 239087 38606 34758 245561 40485 35648 25886 46258 27749 7899 8872 12099 5810 6289
is_linear=0
shrinkage=0.03


Tree=17
num_leaves=31
num_cat=0
split_feature=21 4 12 8 13 2 20 27 18 17 2 18 11 19 20 18 8 12 3 24 15 0 24 18 27 0 8 24 0 0
split_gain=1349.36 1082.05 754.306 544.011 354.725 321.556 287.135 282.145 268.145 210.001 209.965 246.415 208.177 198.498 128.733 123.726 118.238 117.28 114.859 87.5555 87.305 87.2494 82.7088 74.699 68.1922 63.5191 55.6559 48.2879 43.9693 38.2239
threshold=-1.0000000180025095e-35 -0.094242721796035753 -14.104099273681639 -1.6534969210624693 -12.002213954925535 -0.014779508113861082 -0.020353615283966061 0.094328347593545928 -0.53736421465873707 -0.40951630473136896 0.0087892366573214548 -0.1111960895359516 -0.020698716863989827 -0.034516893327236169 -0.9743782877922057 -0.23129747807979581 -3.0967004299163814 -16.792829513549801 -0.0022723987931385632 -3.4999999999999996 -0.02272701263427734 0.04827126860618592 -3.4999999999999996 -0.086038056761026369 0.089637134224176421 0.017321586608886722 -2.8737926483154292 -15.499999999999998 -0.074916660785675035 -0.10149580240249632
decision_type=2 10 8 10 10 10 10 8 8 8 10 10 10 8 10 10 8 10 10 2 10 10 2 8 10 10 10 2 10 10
left_child=1 3 -2 5 10 19 20 12 27 24 11 17 25 -11 -10 -14 29 -3 -13 26 28 -12 -18 -22 -8 -5 -1 -9 -6 -7
right_child=2 4 -4 7 6 16 9 8 14 13 21 18 15 -15 -16 -17 22 -19 -20 -21 23 -23 -24 -25 -26 -27 -28 -29 -30 -31
leaf_value=-0.012549240525430903 -0.0027952037461777346 -0.0024386743768994505 -0.027172942985157936 -0.0067502036880877116 -0.005147974020304172 -0.0071730592768732993 0.0016969912075968205 0.0046427399770843343 -0.0028801692743134527 0.000453417236350545 2.1738249747681324e-05 -0.001288053073916325 -0.0018823402057070136 -0.0011036349964766235 0.00028571122721286058 -5.0006125532979406e-05 -0.003334914405683613 -0.00070822153664122558 0.0023918427076524145 -0.0030323096419874801 0.0013560222604881982 0.0040449369596493702 -0.00094080338154296219 0.0028013479534243274 0.0048265324107295672 -0.0022800291415698776 -0.0066622113405364388 0.0017184125087855704 0.000177560159878196 -0.0032235057086340106
leaf_weight=2983 2375 42060 2028 7902 2082 5473 18877 11967 14235 645909 8179 9613 87854 82601 52799 53690 22563 217650 30918 4496 252064 12012 32172 37726 10094 5844 9628 10865 2742 6621
leaf_count=2983 2375 42060 2028 7902 2082 5473 18877 11967 14235 645909 8179 9613 87854 82601 52799 53690 22563 217650 30918 4496 252064 12012 32172 37726 10094 5844 9628 10865 2742 6621
internal_value=4.66505e-06 5.01084e-05 -0.0157107 -0.00149332 0.000420805 -0.00357174 0.000687012 -0.000774669 0.000558834 0.000376915 -0.000452023 -0.000653279 -0.00154761 0.000275826 -0.000398483 -0.00119204 -0.00258953 -0.000993769 0.00150669 -0.00720925 0.00148129 0.00246962 -0.0019544 0.00154971 0.00286094 -0.00501753 -0.00850308 0.00333065 -0.00233216 -0.00524847
internal_weight=1.70602e+06 1.70162e+06 4403 329092 1.37253e+06 83936 1.0521e+06 245156 89866 757481 320432 300241 155290 728510 67034 141544 66829 259710 40531 17107 294614 20191 54735 289790 28971 13746 12611 22832 4824 12094
internal_count=1706022 1701619 4403 329092 1372527 83936 1052095 245156 89866 757481 320432 300241 155290 728510 67034 141544 66829 259710 40531 17107 294614 20191 54735 289790 28971 13746 12611 22832 4824 12094
is_linear=0
shrinkage=0.03


Tree=18
num_leaves=31
num_cat=0
split_feature=0 13 1 9 16 16 18 13 19 8 13 13 8 3 18 11 18 3 8 26 8 9 16 9 14 23 12 3 10 11
split_gain=1245.79 819.072 663.276 422.93 335.604 312.688 259.676 219.203 208.947 201.359 182.008 158.057 155.6 136.56 109.298 104.807 99.9851 86.5748 75.3863 72.8533 70.8085 66.0048 48.3101 46.2256 46.0776 40.872 33.7017 32.4893 18.0628 17.4861
threshold=-0.26674902439117426 -12.513070583343504 -0.40720117092132563 -0.64953449368476857 -0.10107353702187537 -0.233374148607254 -0.19212298840284345 -11.73881959915161 -0.0081410254351794702 -1.5762252211570738 -11.780034542083738 -13.008988380432127 -3.0967004299163814 -0.0020673960680142041 -0.19620587676763532 -0.023975694552063938 -0.11440601944923399 -0.0017327800160273907 -0.7838851511478423 1.0000000180025095e-35 -2.8737926483154292 -0.53444775938987721 -0.22658324986696241 -0.70969113707542408 -1.7934246659278867 -1.2095784544944761 -15.388075828552244 -0.0064372539054602376 -0.13088451325893399 -0.012719266116619108
decision_type=10 10 10 10 10 10 10 10 10 10 8 8 10 10 8 10 10 10 10 2 10 10 10 8 10 10 10 10 10 10
left_child=2 4 10 8 21 18 7 -7 12 15 -1 17 26 -8 -13 -6 -14 -11 19 -5 -17 28 25 -4 -20 -23 -3 -24 -2 -30
right_child=1 3 23 5 9 6 13 -9 -10 11 -12 14 16 -15 -16 20 -18 -19 24 -21 -22 22 27 -25 -26 -27 -28 -29 29 -31
leaf_value=-0.0095332560667491344 -0.002753573275869124 -0.0013080198337856817 -0.0051080420460336345 0.0018274933236643429 -0.0083822292771639547 -0.00050694166943024291 -0.00024120491070379855 0.00052430756242133054 -0.0089269923883246536 -0.0034533544928369219 -0.02114242730760434 -0.0014394114558487527 -0.0008362513542969494 0.0017021049557814161 0.00061089583770607408 -0.006249044671265286 0.0020562917658511169 -0.0014533303042867872 0.0026493792057712792 0.0063240003877509891 -0.0025974411661960363 0.00085868870791560236 -0.0011326746052937636 -0.00050403401386472989 -0.0004118610267881326 0.0045034866133242708 -0.005070622847617382 0.0010766685700615217 0.0011619799399767616 -0.0020096794118150238
leaf_weight=5910 4533 3679 2532 5871 3782 248988 38667 721131 2481 39582 2294 59897 142161 193116 37587 5773 11107 41821 21110 9706 33798 5863 7224 6438 5206 5843 8665 25475 3119 2227
leaf_count=5910 4533 3679 2532 5871 3782 248988 38667 721131 2481 39582 2294 59897 142161 193116 37587 5773 11107 41821 21110 9706 33798 5863 7224 6438 5206 5843 8665 25475 3119 2227
internal_value=-1.24856e-06 8.1493e-05 -0.0079249 0.000374185 -0.00140984 0.000565281 0.000475455 0.000259196 -0.00103553 -0.00192589 -0.0138419 -0.00147108 -0.000888988 0.0013768 -0.000646727 -0.00375755 -0.000618679 -0.00244464 0.0030993 0.00475746 -0.00320899 0.0006957 0.00119245 -0.00203639 0.00203621 0.00281251 -0.00406715 0.000569827 -0.00145813 -0.000166813
internal_weight=1.70559e+06 1.68841e+06 17174 1.41189e+06 276524 1.2438e+06 1.2019e+06 970119 168093 222240 8204 178887 165612 231783 97484 43353 153268 81403 41893 15577 39571 54284 44405 8970 26316 11706 12344 32699 9879 5346
internal_count=1705586 1688412 17174 1411888 276524 1243795 1201902 970119 168093 222240 8204 178887 165612 231783 97484 43353 153268 81403 41893 15577 39571 54284 44405 8970 26316 11706 12344 32699 9879 5346
is_linear=0
shrinkage=0.03


Tree=19
num_leaves=30
num_cat=0
split_feature=21 2 3 23 9 0 14 20 18 2 15 23 9 18 2 20 18 18 1 5 0 20 23 7 24 9 5 3 0
split_gain=1225.89 988.232 445.342 422.788 328.874 214.021 196.601 190.873 197.434 165.674 156.865 136.276 120.932 126.857 124.196 119.777 88.7243 85.1677 67.7257 65.2391 71.823 58.148 55.2383 48.1598 46.6376 43.7886 31.0298 19.4982 0.508657
threshold=-1.0000000180025095e-35 -0.0081410678103566152 -0.016103102825582024 -1.9502196311950681 -0.51465147733688343 -0.071074545383453355 -3.9244456291198726 0.36296597123146063 -0.093255639076232896 -0.019688499160110947 -0.02272701263427734 -1.7702670097351072 -1.2479828000068662 -0.18294951319694516 0.0082805766724050062 0.25202345848083502 -0.077903840690851198 -0.086038056761026369 0.11951112747192384 0.26266483962535864 -1.0000000180025095e-35 -0.07944172620773314 -1.3597775697708128 -0.027028837241232392 -3.4999999999999996 -0.54844224452972401 -0.40967008471488947 0.0027079284191131596 -0.028905749320983883
decision_type=2 10 10 10 10 10 10 8 10 10 10 10 10 10 10 10 10 8 10 10 10 8 10 10 2 10 10 8 10
left_child=1 3 -2 9 12 10 18 8 -8 26 25 -9 27 14 -14 17 -12 -7 21 20 -11 -6 -17 -15 -20 -5 28 -3 -1
right_child=2 4 -4 5 6 15 7 11 -10 19 16 -13 13 23 -16 22 -18 -19 24 -21 -22 -23 -24 -25 -26 -27 -28 -29 -30
leaf_value=-0.010605912518851554 -0.023162290769538942 -0.002258004626624825 -0.0036713541354584278 -0.0084518343952058074 -0.00036818574932856977 -0.0010642378225453766 0.00043974837969552486 -0.0037171259208856502 0.002420678582668043 -0.0048028626784649689 -0.0024924376715404709 0.0022384654047892761 -0.00078479095030530932 -0.00011583953250279852 0.0016619868114794486 -0.00090819475422573826 0.00056581632252218487 0.0015247180583727823 0.0024952163006970222 0.00065137869796785776 -0.0020498483611751197 -0.0023532890705033559 0.0036918411638605475 0.0014896818049437337 -0.00074577236107836037 -0.0038424095531379731 -0.0041178703730011222 -0.0069767425441549097 -0.0053268550667174477
leaf_weight=3909 2235 2483 2150 3756 24814 71262 899765 3129 47313 23152 34579 84500 302193 29120 19364 2802 10874 13066 6984 3050 16012 29704 8663 38062 8002 7284 3029 2218 2146
leaf_count=3909 2235 2483 2150 3756 24814 71262 899765 3129 47313 23152 34579 84500 302193 29120 19364 2802 10874 13066 6984 3050 16012 29704 8663 38062 8002 7284 3029 2218 2146
internal_value=-1.40142e-05 2.88928e-05 -0.0150211 -0.00192938 0.000295847 -0.00112599 0.000561273 0.000665287 0.000540251 -0.00427469 -0.00258237 0.00200252 -0.000448092 -0.00038594 -0.000634164 -0.000255034 -0.00175607 -0.000652939 -0.000976592 -0.00339776 -0.0037249 -0.00146677 0.00255157 0.000793622 0.000777066 -0.00573486 -0.00792866 -0.00499873 -0.00932972
internal_weight=1.70562e+06 1.70124e+06 4385 203584 1.49765e+06 152286 1.10421e+06 1.03471e+06 947078 51298 56493 87629 393440 388739 321557 95793 45453 84328 69504 42214 39164 54518 11465 67182 14986 11040 9084 4701 6055
internal_count=1705620 1701235 4385 203584 1497651 152286 1104211 1034707 947078 51298 56493 87629 393440 388739 321557 95793 45453 84328 69504 42214 39164 54518 11465 67182 14986 11040 9084 4701 6055
is_linear=0
shrinkage=0.03


Tree=20
num_leaves=28
num_cat=0
split_feature=4 8 13 1 16 18 13 19 16 15 16 7 11 11 0 18 8 0 20 18 8 8 4 12 6 15 10
split_gain=1225.61 927.744 699.133 446.563 319.759 331.913 348.163 250.654 189.616 134.126 133.096 131.524 122.852 91.0282 112.887 91.9403 85.1188 53.106 48.9368 45.6602 38.2425 23.7048 21.8634 17.7931 13.7545 10.2097 6.07095
threshold=1.0000000180025095e-35 -2.060709953308105 -12.979273796081541 -0.33635646104812617 -0.19262676686048505 -0.10077995806932448 -11.534264564514158 -1.0000000180025095e-35 -0.13218434900045392 -0.013511359691619871 -0.28217040002346033 -0.036913823336362832 -0.012131623923778532 -0.021105589345097538 -0.0037740468978881832 -0.064905583858489976 -2.8737926483154292 -0.071074545383453355 -0.18419122695922849 -0.17857591062784192 -3.0967004299163814 -0.80920946598052967 -0.12555009871721265 -16.605835914611813 -2.4999999999999996 -0.019628345966339108 -0.22283503413200376
decision_type=8 10 8 10 8 10 8 10 8 10 10 8 10 10 10 10 10 10 10 10 8 10 10 10 2 10 10
left_child=1 3 8 16 7 6 -6 10 18 17 -4 22 -7 14 -10 -15 24 25 21 -18 -13 -3 -11 -20 -1 -5 -19
right_child=-2 2 4 9 5 12 -8 -9 13 11 -12 20 -14 15 -16 -17 19 26 23 -21 -22 -23 -24 -25 -26 -27 -28
leaf_value=-0.012867023378975653 -0.020797810647966718 -0.0023340399120079566 0.0042456305971604611 -0.0078210705537608248 -0.00046962025460421067 0.00054962415415625598 0.00052974744390835485 -0.0072744536174022606 -0.0063750259744545052 -0.00039950213311393419 0.0015990118147059626 -0.0024218035933615293 0.0027447268356370056 -0.0023061391955473604 -0.0019743145421406601 0.00093535468221626753 -0.0074776253759581803 -0.0029045524743012861 0.0036968551247810069 -0.0019998492669352887 -0.00010758882664609535 0.00069753286706686162 -0.0037516921752885853 0.00084948169541791988 -0.0066047896213353866 -0.0036365550002443368 -0.00037931416105262361
leaf_weight=3321 2049 3792 22177 4309 535733 37703 755303 2085 10578 2290 78774 7430 60986 75316 11724 8378 2928 2100 4363 3455 35910 4467 18796 4556 2965 2661 2002
leaf_count=3321 2049 3792 22177 4309 535733 37703 755303 2085 10578 2290 78774 7430 60986 75316 11724 8378 2928 2100 4363 3455 35910 4467 18796 4556 2965 2661 2002
internal_value=-1.0879e-05 2.00322e-05 0.000184095 -0.00296762 0.000363736 0.000243571 0.000114793 0.00197259 -0.00198324 -0.00205712 0.00220144 -0.00150216 0.00191614 -0.00245638 -0.00416878 -0.00197447 -0.00808666 -0.00505596 0.000906196 -0.00491685 -0.000534266 -0.0007139 -0.00341922 0.00239652 -0.0106617 -0.00661401 -0.0019124
internal_weight=1.70615e+06 1.7041e+06 1.61594e+06 88167 1.49276e+06 1.38972e+06 1.29104e+06 103036 123174 75498 100951 64426 98689 105996 22302 83694 12669 11072 17178 6383 43340 8259 21086 8919 6286 6970 4102
internal_count=1706151 1704102 1615935 88167 1492761 1389725 1291036 103036 123174 75498 100951 64426 98689 105996 22302 83694 12669 11072 17178 6383 43340 8259 21086 8919 6286 6970 4102
is_linear=0
shrinkage=0.03


Tree=21
num_leaves=31
num_cat=0
split_feature=21 4 8 2 24 16 18 16 14 19 16 20 27 8 3 2 9 2 8 0 26 11 3 14 11 18 2 24 14 2
split_gain=1133.94 893.632 478.79 456.408 287.644 278.067 274.735 276.811 282.557 184.456 161.625 136.603 121.021 118.299 90.8351 83.7447 83.6891 79.4631 74.6039 63.0874 58.3659 54.4685 40.3473 36.5718 36.4262 34.8361 24.0444 23.4499 21.201 17.1095
threshold=-1.0000000180025095e-35 -0.094242721796035753 -1.6534969210624693 0.00030510127544403082 -3.4999999999999996 -0.1617259085178375 -0.093255639076232896 -0.19262676686048505 -3.1894470453262325 -0.036504346877336495 0.093333844095468535 -1.6173052787780759 0.072349701076746001 -2.8737926483154292 -0.0021323605906218286 0.012954270467162134 -0.68066883087158192 -0.0055083855986595145 -3.0967004299163814 0.12526589632034305 6.5000000000000009 -0.012003924231976269 -0.016103102825582024 -3.4182183742523189 -0.0093196574598550779 -0.097086742520332323 0.002195329987443984 -3.4999999999999996 -2.6199473142623897 -0.011303620412945746
decision_type=2 8 10 10 2 8 10 8 10 8 8 8 8 10 8 10 8 10 8 10 2 10 10 10 10 10 10 2 10 10
left_child=1 2 4 -2 10 20 7 15 17 -10 26 29 -13 -12 24 16 -3 -9 -6 -17 22 23 -4 -16 27 -20 -1 -8 -23 -7
right_child=3 6 5 -5 18 11 14 8 9 -11 13 12 -14 -15 21 19 -18 -19 25 -21 -22 28 -24 -25 -26 -27 -28 -29 -30 -31
leaf_value=-0.0034249090883671264 -0.023088184925246318 -0.0023682027359184414 -0.0018113255926408298 -0.0035298380325214668 -0.0039787603332326251 -0.0074836241274674978 -0.0031984403909001377 -0.0022450385434737981 0.00047307155409601368 -0.0010609776475628448 -0.011264328289720089 -0.0016374357804513459 -0.00017595618773830299 -0.005439000392685708 -0.00060169609243608286 0.0018211229779563497 0.0017738092723149437 -0.00060142800057113427 -0.0014218933684787827 0.0067779645700260108 0.0054430491395211413 0.0038529669432570447 0.0017006713992059241 0.0020580320298936735 0.0025312046685562486 0.0009340484239641286 -0.00012586996646733471 -7.2179951155824636e-05 0.0023402116282769544 -0.0025791203552955159
leaf_weight=16037 2119 4190 2798 2254 9324 2744 2542 30840 916584 75847 4739 112968 93770 15881 6439 5338 71903 184097 29133 4854 3177 22463 27596 13613 3066 6449 2521 8257 21741 2058
leaf_count=16037 2119 4190 2798 2254 9324 2744 2542 30840 916584 75847 4739 112968 93770 15881 6439 5338 71903 184097 29133 4854 3177 22463 27596 13613 3066 6449 2521 8257 21741 2058
internal_value=-1.41397e-05 2.7076e-05 -0.0013752 -0.0144652 -0.00332285 -0.00070044 0.000364187 0.00025917 0.00014121 0.000355054 -0.0051925 -0.00110431 -0.000978025 -0.00702699 0.0020867 0.00189599 0.00152785 -0.000843315 -0.00164585 0.00441647 0.00181452 0.00255875 0.00134357 0.0011955 -9.29662e-05 -0.000979554 -0.00300755 -0.0009436 0.00315015 -0.00587972
internal_weight=1.70534e+06 1.70097e+06 329195 4373 84084 245111 1.37177e+06 1.29365e+06 1.20737e+06 992431 39178 211540 206738 20620 78121 86285 76093 214937 44906 10192 33571 64256 30394 20052 13865 35582 18558 10799 44204 4802
internal_count=1705342 1700969 329195 4373 84084 245111 1371774 1293653 1207368 992431 39178 211540 206738 20620 78121 86285 76093 214937 44906 10192 33571 64256 30394 20052 13865 35582 18558 10799 44204 4802
is_linear=0
shrinkage=0.03


Tree=22
num_leaves=31
num_cat=0
split_feature=12 21 4 1 13 20 8 16 18 3 20 16 19 27 16 11 12 19 1 15 3 12 16 27 18 9 16 11 13 20
split_gain=1106.02 1183.52 826.58 461.674 303.443 263.864 252.772 201.064 197.375 179.652 178.289 166.963 161.565 144.675 131.568 121.677 120.703 103.232 98.3081 96.1046 91.6875 85.2687 83.5429 68.7378 37.9883 35.9458 35.3783 26.9665 19.8973 18.6087
threshold=-12.668993949890135 -0.25000000745058054 -0.092331301420927034 -0.088145673274993883 -12.002213954925535 -0.002885043621063232 -3.0967004299163814 -0.15688096731901166 -0.1111960895359516 -0.0032552570337429638 0.36296597123146063 -0.233374148607254 -0.036504346877336495 0.087450258433818831 -0.016750711016356942 -0.022045589052140709 -16.907661437988278 -0.11885388568043707 -0.36397081613540644 -0.02272701263427734 -0.0020997718675062056 -17.008963584899899 -0.0019445589859969912 0.065544988960027709 -0.67836749553680409 -0.57975324988365162 0.014397981576621534 -0.017805887386202809 -12.434064865112303 0.31339198350906378
decision_type=8 2 10 10 10 10 10 8 10 10 8 10 10 10 8 10 10 10 10 10 10 10 10 10 10 10 8 10 10 10
left_child=2 28 3 6 7 19 18 17 16 14 12 24 -7 -12 -8 -11 -9 25 -1 26 -10 27 -21 -23 -5 -4 -6 -13 -2 -19
right_child=1 -3 4 11 5 10 9 8 20 15 13 21 -14 -15 -16 -17 -18 29 -20 22 -22 23 -24 -25 -26 -27 -28 -29 -30 -31
leaf_value=-0.010328847282678019 -0.0024894457268545877 -0.024534590861353758 -0.0010232806278752836 0.006171527508846043 0.0003560163177818725 0.00033492564023472545 -0.00042359329070537426 -0.0028535350872092398 -0.0011645648042664779 -0.0044928524396089251 0.00092997529027368897 -0.0053155240350172706 -0.0010782207316748769 0.0042739007545558498 -0.0050282562572083276 -0.0011838792144451124 -0.00079057718658318845 -0.0021676732834328069 -0.0042423858738815283 0.00093506908061681646 0.0020757694230141032 -0.0010840865706889119 0.001917865978986929 0.00024637182459744399 0.0019567118851389334 0.0027607358874529465 -0.0044251055122622755 -0.0014976566202164355 0.0011845095896254624 0.00047637581507385766
leaf_weight=3822 2134 2914 2091 2127 2013 584131 7440 28907 10176 10718 42076 3457 82619 16021 25281 110115 209950 5512 9412 170877 29307 59305 148541 83142 13618 26745 3013 4359 2120 3467
leaf_count=3822 2134 2914 2091 2127 2013 584131 7440 28907 10176 10718 42076 3457 82619 16021 25281 110115 209950 5512 9412 170877 29307 59305 148541 83142 13618 26745 3013 4359 2120 3467
internal_value=-5.71977e-06 -0.0113739 4.54204e-05 -0.00129388 0.000372417 0.000617961 -0.00240629 -0.000441265 -0.000721386 -0.00204638 0.000298741 -0.000170562 0.000158692 0.00188583 -0.00401243 -0.00149717 -0.00104693 0.00159527 -0.00633405 0.00132866 0.00122901 -0.000483125 0.00139533 -0.000307294 0.00271699 0.00246335 -0.00259695 -0.00344043 -0.000663396 -0.00114382
internal_weight=1.70541e+06 7168 1.69824e+06 332796 1.36545e+06 1.04929e+06 166788 316155 278340 153554 724847 166008 666750 58097 32721 120833 238857 37815 13234 324444 39483 150263 319418 142447 15745 28836 5026 7816 4254 8979
internal_count=1705410 7168 1698242 332796 1365446 1049291 166788 316155 278340 153554 724847 166008 666750 58097 32721 120833 238857 37815 13234 324444 39483 150263 319418 142447 15745 28836 5026 7816 4254 8979
is_linear=0
shrinkage=0.03


Tree=23
num_leaves=31
num_cat=0
split_feature=0 13 1 8 9 19 16 18 2 6 13 14 20 17 15 0 13 0 24 0 9 0 17 0 5 3 14 2 15 7
split_gain=1032.69 707.347 621.675 441.364 271.855 366.392 236.067 231.928 214.144 195.897 158.775 157.317 137.975 105.197 97.1781 94.7798 62.4329 61.4762 45.2158 40.6366 40.1449 34.326 33.4186 28.3639 24.212 20.5976 17.0275 27.0614 15.7657 3.65242
threshold=-0.26674902439117426 -12.950140476226805 -0.40720117092132563 -2.0143042802810665 -0.40615528821945185 -1.0000000180025095e-35 -0.28217040002346033 -0.20250709354877469 0.0071211112663149842 -1.4999999999999998 -11.780034542083738 -2.8033603429794307 -1.2800117731094358 0.54791182279586803 -0.013511359691619871 0.028807759284973148 -12.002213954925535 0.07352426648139955 -8.4999999999999982 -0.071074545383453355 -0.66721728444099415 0.012444943189620973 0.21170455962419513 0.052735418081283576 1.5202857255935671 -0.0020997718675062056 -2.721624374389648 0.010203117504715921 0.0017738640308380129 -0.045450458303093903
decision_type=10 10 10 8 10 10 10 8 10 2 8 10 10 10 10 10 10 10 2 10 10 10 10 10 8 10 10 10 10 8
left_child=2 8 10 9 5 7 24 -5 12 22 29 -8 17 15 19 -14 -16 25 -15 -11 -4 -10 23 -3 -6 -2 27 -23 -22 -1
right_child=1 3 20 4 6 -7 11 -9 21 14 -12 -13 13 18 16 -17 -18 -19 -20 -21 28 26 -24 -25 -26 -27 -28 -29 -30 -31
leaf_value=-0.010238554412403887 -0.0079403038081056667 -0.0065240918671515425 -0.0041721977782916428 -0.00029055094037488862 0.0030477486855046642 -0.011024090524216806 6.7232150111924094e-05 0.0010081840261173076 -0.00085391895018746046 -0.0055130859387952915 -0.019817212711139703 0.0010026279377965124 -0.002942320707777175 -0.001710784964549429 -0.0022702500769749205 -0.0010799808873873009 -7.9209771604754883e-05 -0.0010898995265419256 0.0030896718164886059 -0.0010659503881161334 -0.0012012583250972119 0.00124544689452488 -0.001172149135094745 -0.0019596184718219055 0.0060945682262936148 -0.0042224497528592017 0.00095144518250274348 0.0061489039024015977 0.0017060780953824328 -0.0049677811762913167
leaf_weight=3832 4826 9336 2935 578949 8007 2230 246691 156853 2391 5682 2273 474248 63944 2198 16344 42188 39497 3111 4686 3315 3914 2368 2133 2258 6070 5982 3184 2323 2195 2118
leaf_count=3832 4826 9336 2935 578949 8007 2230 246691 156853 2391 5682 2273 474248 63944 2198 16344 42188 39497 3111 4686 3315 3914 2368 2133 2258 6070 5982 3184 2323 2195 2118
internal_value=-2.32843e-05 5.22174e-05 -0.00721834 0.000235196 0.000352461 -5.39102e-05 0.000760668 -1.27919e-05 -0.00200825 -0.001948 -0.0129442 0.000683238 -0.00234712 -0.00197866 -0.00123139 -0.00221338 -0.000740282 -0.00514568 0.00150424 -0.00404849 -0.00157544 0.00206825 -0.00514949 -0.00577771 0.0045461 -0.00618677 0.0029893 0.00408983 -6.12005e-05 -0.00893939
internal_weight=1.70608e+06 1.68881e+06 17267 1.55161e+06 1.47305e+06 738032 735016 735802 137201 78565 8223 720939 126935 113016 64838 106132 55841 13919 6884 8997 9044 10266 13727 11594 14077 10808 7875 4691 6109 5950
internal_count=1706081 1688814 17267 1551613 1473048 738032 735016 735802 137201 78565 8223 720939 126935 113016 64838 106132 55841 13919 6884 8997 9044 10266 13727 11594 14077 10808 7875 4691 6109 5950
is_linear=0
shrinkage=0.03


Tree=24
num_leaves=31
num_cat=0
split_feature=0 13 1 9 16 16 13 16 19 11 8 24 17 0 27 17 11 24 27 16 3 19 9 9 23 8 8 23 7 16
split_gain=973.491 625.953 509.505 421.238 305.769 223.308 214.101 213.777 197.762 163.812 163.598 125.795 177.818 141.217 124.923 105.119 84.8169 81.8711 59.6089 53.7489 45.5584 43.4916 44 40.6495 39.2128 38.1618 25.3752 20.4825 13.7624 9.65197
threshold=-0.26674902439117426 -12.870800971984862 -0.40720117092132563 -0.59050005674362172 -0.26814237236976618 -0.11095563694834708 -11.727900505065916 -0.043853726238012307 -0.0056524199899286023 -0.0061829835176467887 -2.4653966426849361 -4.4999999999999991 0.31345014274120336 0.044150322675704963 0.084348589181900038 -0.075957357883453355 -0.023222441785037514 -4.4999999999999991 0.07592471688985826 0.10783331841230394 -0.0041165961883962146 -2.1473766565322872 -0.55127117037773121 -0.69436669349670399 -1.2274243235588072 -0.64988845586776722 -1.1880751252174375 -0.63024371862411488 -0.04361081309616565 0.055659515783190734
decision_type=10 10 10 8 10 10 10 10 8 8 10 2 10 10 10 8 10 2 10 10 10 10 10 10 10 10 10 10 8 10
left_child=2 5 9 8 18 21 14 -8 10 28 17 13 20 16 -6 -12 -7 -3 27 -14 -13 -2 -23 -4 -24 -20 -15 -5 -1 -25
right_child=1 3 23 4 6 11 7 -9 -10 -11 15 12 19 26 -16 -17 -18 -19 25 -21 -22 22 24 29 -26 -27 -28 -29 -30 -31
leaf_value=-0.009921433334211022 -0.0029845295879016714 -0.0064619254665337737 -0.0046630076403932066 -0.0010663350669687544 -0.0004214840397009454 -0.0066494478934616729 0.00022825987166746287 0.0012014305327895194 -0.0082987244355141321 -0.019581766608827912 -0.001001410154792646 -0.0038606131845186353 -0.00093946761147066374 -0.0024905237069203392 0.00081362124524371297 0.00030971770820503291 -0.0032825420932370694 -0.0020600392317293493 0.0055173896038872754 0.004099931277476143 -0.0013759663468582983 -0.0016520198127679935 0.00023310430924380963 0.00036083933318072981 0.002906723183238845 0.0024970239198965688 -0.00038559752733208474 0.0025290250902451831 -0.0044524557044924758 -0.001908584551231253
leaf_weight=3980 2005 4239 2652 2647 331557 8665 437640 380647 2686 2010 134944 8247 2308 7429 94143 91919 44084 28569 12175 6242 37246 3701 9392 4358 10814 8019 16700 2062 2220 2011
leaf_count=3980 2005 4239 2652 2647 331557 8665 437640 380647 2686 2010 134944 8247 2308 7429 94143 91919 44084 28569 12175 6242 37246 3701 9392 4358 10814 8019 16700 2062 2220 2011
internal_value=-1.99866e-05 5.32713e-05 -0.00701293 0.000238518 0.000464953 -0.0017485 0.000397978 0.000681779 -0.000854294 -0.0122054 -0.000760337 -0.00225134 -0.00111843 -0.00303149 -0.000147004 -0.000469343 -0.0038985 -0.00272626 0.0037251 0.00272969 -0.00186998 0.000775259 0.00115755 -0.00186297 0.00171412 0.00442182 -0.00108326 0.000542063 -0.00848637 -0.000398821
internal_weight=1.70531e+06 1.68808e+06 17231 1.53125e+06 1.26889e+06 156833 1.24399e+06 818287 262357 8210 259671 130921 54043 76878 425700 226863 52749 32808 24903 8550 45493 25912 23907 9021 20206 20194 24129 4709 6200 6369
internal_count=1705311 1688080 17231 1531247 1268890 156833 1243987 818287 262357 8210 259671 130921 54043 76878 425700 226863 52749 32808 24903 8550 45493 25912 23907 9021 20206 20194 24129 4709 6200 6369
is_linear=0
shrinkage=0.03


Tree=25
num_leaves=31
num_cat=0
split_feature=0 23 23 15 9 19 16 18 2 23 16 12 24 16 20 27 18 18 20 3 20 24 24 16 27 3 5 0 12 24
split_gain=944.951 541.659 398.11 324.103 301.258 298.779 243.228 240.42 205.829 202.697 197.69 157.602 133.394 113.862 102.768 96.4924 92.4074 89.6005 78.733 71.2131 64.6985 51.0142 50.3063 48.0703 44.5658 40.2412 34.3671 33.2624 29.1063 28.7003
threshold=-0.13014173507690427 -0.42808532714843744 -1.796470522880554 -0.030253410339355465 -0.40615528821945185 -1.0000000180025095e-35 -0.28217040002346033 -0.11756678298115729 -0.0033126368653029199 -1.9150204658508299 -0.19262676686048505 -16.454265594482418 -3.4999999999999996 -0.097205530852079378 0.41681113839149481 0.094328347593545928 -0.064905583858489976 -0.17857591062784192 -0.12753188610076902 -0.0021323605906218286 -1.2800117731094358 -8.4999999999999982 -7.4999999999999991 0.085662871599197402 0.055557930842041976 -0.0040243715047836295 1.158067584037781 -0.15347236394882199 -16.826973915100094 -3.4999999999999996
decision_type=10 8 8 10 8 10 8 10 10 10 10 8 2 10 10 10 8 10 8 10 10 2 2 10 10 10 8 8 10 2
left_child=1 3 8 -1 5 7 26 10 12 23 -4 20 15 27 -13 22 -15 24 28 -9 -8 -17 -2 -5 -14 -19 -6 -11 -10 -25
right_child=2 -3 4 9 6 -7 11 19 18 13 -12 14 17 16 -16 21 -18 25 -20 -21 -22 -23 -24 29 -26 -27 -28 -29 -30 -31
leaf_value=-0.0079280597671770661 -0.006880777046119846 -0.01699843352873279 0.0018130861556326344 -0.0016226955682805348 0.0027911418656838701 -0.010132407896712312 -0.0038495681704488623 -0.00063043943646634343 -0.00090595406859676167 0.003756187786422456 -0.00039267322808276634 0.00070970157546458785 -0.0037108272711240415 -0.0024733575235654781 0.0030029366911017261 -0.0032400186463741689 0.0011610683276611787 -0.0023975865993662937 -0.00090702217457135689 0.0022342249947230083 -0.00039512358309483196 -0.00030489290401967826 -0.0035864349870586847 -0.0078105949144675491 -0.00072381979826823917 0.0010024094127162064 0.006089915868153239 0 0.0019271234395995896 -0.0030011003182847051
leaf_weight=9388 6856 2079 38216 2910 8317 2190 4766 8937 3477 4201 650631 638335 10400 31084 17739 10399 7421 3287 28911 46920 76027 11142 19328 5938 8651 17186 6657 3834 18401 2754
leaf_count=9388 6856 2079 38216 2910 8317 2190 4766 8937 3477 4201 650631 638335 10400 31084 17739 10399 7421 3287 28911 46920 76027 11142 19328 5938 8651 17186 6657 3834 18401 2754
internal_value=-1.2647e-05 -0.00342343 0.000133225 -0.00287924 0.000275536 -0.000150851 0.000699335 -0.000114316 -0.00140515 -0.00199826 -0.00026864 0.000620238 -0.00228506 -0.00107777 0.000774403 -0.00334866 -0.00175931 -0.000967488 0.000108116 0.00176903 -0.000625016 -0.0017768 -0.00457303 -0.00546881 -0.00242298 0.000398081 0.00442646 0.00206485 0.00145328 -0.00656551
internal_weight=1.70638e+06 69609 1.63677e+06 67530 1.49874e+06 746894 751841 744704 138038 58142 688847 736867 87249 46540 656074 47725 38505 39524 50789 55857 80793 21541 26184 11602 19051 20473 14974 8035 21878 8692
internal_count=1706382 69609 1636773 67530 1498735 746894 751841 744704 138038 58142 688847 736867 87249 46540 656074 47725 38505 39524 50789 55857 80793 21541 26184 11602 19051 20473 14974 8035 21878 8692
is_linear=0
shrinkage=0.03


Tree=26
num_leaves=31
num_cat=0
split_feature=12 21 4 8 13 27 18 20 6 17 11 0 19 18 20 18 1 0 12 3 19 18 27 11 0 1 0 19 8 20
split_gain=955.398 973.064 752.451 431.718 253.672 225.811 233.819 216.751 208.644 195.76 188.932 170.057 162.165 157.135 106.939 100.589 99.8747 99.3237 78.3846 75.8713 75.4257 89.4152 74.9783 71.7444 68.7378 65.3389 59.584 57.6295 50.4054 48.9892
threshold=-12.668993949890135 -0.25000000745058054 -0.094242721796035753 -1.6534969210624693 -12.096263885498045 0.094328347593545928 -0.53736421465873707 -0.002885043621063232 -2.4999999999999996 -0.37630504369735712 -0.020698716863989827 0.029393672943115238 -0.034516893327236169 -0.10430943965911864 -1.0970736742019651 -0.24070533365011212 0.16177073121070865 -0.14457958936691281 -16.792829513549801 -0.0016751885414123533 -0.639753758907318 -0.086038056761026369 0.083372164517641081 -0.022045589052140709 -0.025054156780242916 -0.22243952751159665 -0.014669299125671385 -0.12679243087768552 -0.75883233547210682 -0.10426598787307738
decision_type=8 2 10 10 10 8 8 10 2 10 10 10 10 10 10 10 10 10 10 10 10 10 10 10 10 10 10 10 10 10
left_child=2 -2 3 8 11 10 28 20 17 22 24 13 -11 18 -8 -12 29 -1 -4 -15 25 -22 -9 -10 -5 -6 -25 -18 -7 -13
right_child=1 -3 4 5 7 6 14 9 23 12 15 16 -14 19 -16 -17 27 -19 -20 -21 21 -23 -24 26 -26 -27 -28 -29 -30 -31
leaf_value=-0.009550755362850688 -0.00080361945029307441 -0.022483783129677123 -0.0028558681594443793 -0.007232076246392747 -0.0034332349572390097 0.0042761960608574045 -0.0027853909323079535 0.0011744940667967416 -0.0063151550632568627 0.00028863494456433789 -0.0016148887712753152 0.000853119196493156 -0.0011617841053769514 -0.0012143540381700244 0.00026899656817250337 1.7798450752984147e-05 0.002975067245339141 -0.004165345933914843 -0.0010761766604035666 0.001992558756878694 0.0011916059417803244 0.0030168934543273449 0.0036589522416808169 -0.0026598361172040239 -0.0026229234153153751 0.00046091835868506141 -0.00061076371654900921 -0.00068549370655858282 0.0011800192928909262 -0.00065286822677568799
leaf_weight=5224 4237 2925 27596 5295 3652 14161 12239 32224 3543 619881 84967 33860 77571 9273 53338 55739 18291 11127 122026 20102 259155 26773 17174 44723 8469 56771 18885 4510 8182 44270
leaf_count=5224 4237 2925 27596 5295 3652 14161 12239 32224 3543 619881 84967 33860 77571 9273 53338 55739 18291 11127 122026 20102 259155 26773 17174 44723 8469 56771 18885 4510 8182 44270
internal_value=-1.66137e-05 -0.0105865 3.08672e-05 -0.00126373 0.000338688 -0.000618454 0.000590787 0.000545115 -0.00311846 0.000256593 -0.00130834 -0.000465934 0.000126172 -0.00102071 -0.000313284 -0.000968222 0.000515172 -0.00613608 -0.00141484 0.000966789 0.00116514 0.00136853 0.00207228 -0.00233932 -0.00460845 0.000194384 -0.00206566 0.00223897 0.00320616 0
internal_weight=1.70618e+06 7162 1.69902e+06 325892 1.37313e+06 242390 87920 1.0932e+06 83502 746850 154470 279928 697452 178997 65577 140706 100931 16351 149622 29375 346351 285928 49398 67151 13764 60423 63608 22801 22343 78130
internal_count=1706183 7162 1699021 325892 1373129 242390 87920 1093201 83502 746850 154470 279928 697452 178997 65577 140706 100931 16351 149622 29375 346351 285928 49398 67151 13764 60423 63608 22801 22343 78130
is_linear=0
shrinkage=0.03


Tree=27
num_leaves=31
num_cat=0
split_feature=21 2 12 16 13 17 15 23 8 9 18 18 18 12 24 23 8 23 24 18 1 24 3 17 18 1 8 18 24 2
split_gain=855.635 681.476 496.079 303.429 314.468 287.622 270.052 216.413 185.771 145.708 131.78 107.111 112.517 103.865 98.8205 89.7636 88.0829 83.3362 78.3533 69.4351 56.1302 46.0437 43.6417 41.5468 29.4546 25.0422 19.7273 25.722 11.432 6.14485
threshold=-1.0000000180025095e-35 -0.0081410678103566152 -14.139537334442137 -0.19262676686048505 -12.002213954925535 -0.074288934469223009 -0.021534264087676998 -2.1530539989471431 -1.3255417346954343 -0.41306203603744501 -0.1111960895359516 -0.5444384217262267 -0.10077995806932448 -16.907661437988278 -15.499999999999998 -1.6137598156929014 -0.61385142803192128 -1.9502196311950681 -2.4999999999999996 -0.5595429241657256 -0.56995189189910878 -18.499999999999996 -0.0084922537207603437 0.42172574996948248 -0.1111960895359516 -0.16603523492813108 -0.80190482735633839 -0.5595429241657256 -3.4999999999999996 -0.015403118915855883
decision_type=2 10 8 8 10 10 10 8 10 10 10 10 10 8 2 10 10 10 2 10 10 2 10 10 10 10 10 10 2 10
left_child=1 6 -2 15 10 9 8 20 24 -6 13 14 -13 -5 -9 26 19 -12 -7 -17 -8 -10 -18 -22 29 -23 27 -3 -26 -1
right_child=2 3 -4 4 5 18 7 11 21 -11 17 12 -14 -15 -16 16 22 -19 -20 -21 23 25 -24 -25 28 -27 -28 -29 -30 -31
leaf_value=-0.01002400126587745 -0.0021061796358375854 0.0020364398232721637 -0.021891595666446554 -0.0023040619729876853 -0.00042917660722196653 7.9218430244072817e-05 -0.0066958410214572944 0.005969143625687714 0.0014200883528473296 0.00045899776677779376 -0.0017696783400567896 -0.0013779618435360362 0.00070104001824597244 -0.00063141474121099575 0.00017839484969556525 0.0039090370732091954 -0.0016240382678552325 0.0016260828863473623 0.0012706664863401495 0.0017933435988755273 -0.0031284721810246473 -0.0036949906762100337 0.0012698593298872123 0.00041148763519508548 -0.0052477383146371202 -0.00025356871919454633 -0.0034635310074515586 -0.001868480853149022 -0.0015783631765087516 -0.0058912373651698689
leaf_weight=3343 2377 2123 2009 37754 322783 60069 3752 3385 3014 341618 7558 101451 29867 283553 8824 26196 4894 32975 304626 34546 27550 5874 34483 3053 3081 3103 2117 3068 2085 5486
leaf_count=3343 2377 2123 2009 37754 322783 60069 3752 3385 3014 341618 7558 101451 29867 283553 8824 26196 4894 32975 304626 34546 27550 5874 34483 3053 3081 3103 2117 3068 2085 5486
internal_value=-6.71899e-06 2.908e-05 -0.0125431 0.000250827 0.000131645 0.00039928 -0.00159585 -0.00116887 -0.00443006 2.70505e-05 -0.000628199 -0.000648785 -0.000901972 -0.00083216 0.00197919 0.00178342 0.00201919 0.000971731 0.00107562 0.00273514 -0.00329256 -0.00155915 0.000886813 -0.00276474 -0.00673056 -0.00261322 -0.00133059 -0.000180137 -0.0040897 -0.0079416
internal_weight=1.70662e+06 1.70223e+06 4386 1.49836e+06 1.39094e+06 1.0291e+06 203868 177882 25986 664401 361840 143527 131318 321307 12209 107427 100119 40533 364695 60742 34355 11991 39377 30603 13995 8977 7308 5191 5166 8829
internal_count=1706617 1702231 4386 1498363 1390936 1029096 203868 177882 25986 664401 361840 143527 131318 321307 12209 107427 100119 40533 364695 60742 34355 11991 39377 30603 13995 8977 7308 5191 5166 8829
is_linear=0
shrinkage=0.03


end of trees

feature_importances:
Column_0=75
Column_16=75
Column_18=56
Column_8=55
Column_9=48
Column_13=48
Column_2=44
Column_19=34
Column_12=32
Column_20=31
Column_24=31
Column_1=30
Column_17=30
Column_23=27
Column_4=25
Column_11=24
Column_27=23
Column_3=22
Column_15=21
Column_14=15
Column_6=14
Column_7=12
Column_5=11
Column_21=9
Column_10=3
Column_22=3
Column_26=2

parameters:
[boosting: gbdt]
[objective: regression]
[metric: l2]
[tree_learner: serial]
[device_type: cpu]
[data_sample_strategy: bagging]
[data: ]
[valid: ]
[num_iterations: 2000]
[learning_rate: 0.03]
[num_leaves: 31]
[num_threads: 1]
[seed: 1]
[deterministic: 0]
[force_col_wise: 0]
[force_row_wise: 0]
[histogram_pool_size: -1]
[max_depth: 6]
[min_data_in_leaf: 2000]
[min_sum_hessian_in_leaf: 0.001]
[bagging_fraction: 0.8]
[pos_bagging_fraction: 1]
[neg_bagging_fraction: 1]
[bagging_freq: 1]
[bagging_seed: 18467]
[bagging_by_query: 0]
[feature_fraction: 0.8]
[feature_fraction_bynode: 1]
[feature_fraction_seed: 26500]
[extra_trees: 0]
[extra_seed: 15724]
[early_stopping_round: 0]
[early_stopping_min_delta: 0]
[first_metric_only: 0]
[max_delta_step: 0]
[lambda_l1: 10]
[lambda_l2: 500]
[linear_lambda: 0]
[min_gain_to_split: 0]
[drop_rate: 0.1]
[max_drop: 50]
[skip_drop: 0.5]
[xgboost_dart_mode: 0]
[uniform_drop: 0]
[drop_seed: 6334]
[top_rate: 0.2]
[other_rate: 0.1]
[min_data_per_group: 100]
[max_cat_threshold: 32]
[cat_l2: 10]
[cat_smooth: 10]
[max_cat_to_onehot: 4]
[top_k: 20]
[monotone_constraints: ]
[monotone_constraints_method: basic]
[monotone_penalty: 0]
[feature_contri: ]
[forcedsplits_filename: ]
[refit_decay_rate: 0.9]
[cegb_tradeoff: 1]
[cegb_penalty_split: 0]
[cegb_penalty_feature_lazy: ]
[cegb_penalty_feature_coupled: ]
[path_smooth: 0]
[interaction_constraints: ]
[verbosity: -1]
[saved_feature_importance_type: 0]
[use_quantized_grad: 0]
[num_grad_quant_bins: 4]
[quant_train_renew_leaf: 0]
[stochastic_rounding: 1]
[linear_tree: 0]
[max_bin: 255]
[max_bin_by_feature: ]
[min_data_in_bin: 3]
[bin_construct_sample_cnt: 200000]
[data_random_seed: 41]
[is_enable_sparse: 1]
[enable_bundle: 1]
[use_missing: 1]
[zero_as_missing: 0]
[feature_pre_filter: 1]
[pre_partition: 0]
[two_round: 0]
[header: 0]
[label_column: ]
[weight_column: ]
[group_column: ]
[ignore_column: ]
[categorical_feature: ]
[forcedbins_filename: ]
[precise_float_parser: 0]
[parser_config_file: ]
[objective_seed: 19169]
[num_class: 1]
[is_unbalance: 0]
[scale_pos_weight: 1]
[sigmoid: 1]
[boost_from_average: 1]
[reg_sqrt: 0]
[alpha: 0.9]
[fair_c: 1]
[poisson_max_delta_step: 0.7]
[tweedie_variance_power: 1.5]
[lambdarank_truncation_level: 30]
[lambdarank_norm: 1]
[label_gain: ]
[lambdarank_position_bias_regularization: 0]
[eval_at: ]
[multi_error_top_k: 1]
[auc_mu_weights: ]
[num_machines: 1]
[local_listen_port: 12400]
[time_out: 120]
[machine_list_filename: ]
[machines: ]
[gpu_platform_id: -1]
[gpu_device_id: -1]
[gpu_device_id_list: ]
[gpu_use_dp: 0]
[num_gpu: 1]

end of parameters

pandas_categorical:null
