tree
version=v4
num_class=1
num_tree_per_iteration=1
label_index=0
max_feature_idx=27
objective=regression
feature_names=Column_0 Column_1 Column_2 Column_3 Column_4 Column_5 Column_6 Column_7 Column_8 Column_9 Column_10 Column_11 Column_12 Column_13 Column_14 Column_15 Column_16 Column_17 Column_18 Column_19 Column_20 Column_21 Column_22 Column_23 Column_24 Column_25 Column_26 Column_27
feature_infos=[-1.056964635848999:0.48779439926147461] [-4.1209239959716797:0.74997055530548096] [-0.11188590526580811:0.13687151670455933] [-0.10048085451126099:0.15692850947380066] [-0.20158103108406067:0.47218838334083557] [-4.0158696174621582:4.4148941040039062] [-16:0] [-0.42303618788719177:0] [-10.72308349609375:-0.0034432073589414358] [-3.4266149997711182:-0.013721644878387451] [-1:1] [-0.083798855543136597:0] [-23.142679214477539:-7.611177921295166] [-19.45045280456543:-5.8052029609680176] [-6.6806416511535645:0.71334981918334961] [-0.12240695953369141:0.90466606616973877] [-0.73777669668197632:1.1664085388183594] [-0.83558398485183716:3.8637986183166504] [-0.92586225271224976:0] [-24.789472579956055:0] [-6.59521484375:0.89390450716018677] [-1:0] [-39:0] [-14.89865779876709:-0.0012750033056363463] [-41:0] [-1:0] [0:13] [-0.10033726692199707:0.76671123504638672]
tree_sizes=2856 3248 2834 3207 2847 3234 2944 2642 3230 2757 3205 3262 3239 3132 3209 2932 3246 3237 2957 3261 3147 3154 3259 2834 3243 3249 3129 2914

Tree=0
num_leaves=27
num_cat=0
split_feature=4 4 1 0 12 12 16 16 18 1 23 16 12 8 0 18 8 3 0 19 14 16 12 3 0 2
split_gain=2523.41 2321.02 973.631 641.865 636.185 426.656 471.035 392.958 374.844 324.344 228.686 177.995 169.353 147.948 143.585 111.172 67.6392 66.1564 65.3312 63.5046 63.4854 47.9656 39.9072 34.873 31.365 17.9556
threshold=-1.0000000180025095e-35 -0.092331301420927034 -0.084133565425872789 -0.13014173507690427 -16.761588096618649 -12.668993949890135 -0.26814237236976618 -0.233374148607254 -0.11756678298115729 -0.46341681480407709 -2.2612673044204707 -0.14350491762161252 -16.390740394592282 -2.7092440128326412 -0.0047677755355834952 -0.089529450982809053 -1.6534969210624693 -0.011096134781837462 -0.03862261772155761 -0.59024074673652638 -1.8640800118446348 -0.29940402507781977 -17.008963584899899 -0.00076009929762221862 -0.26674902439117426 0.0069617019034922132
decision_type=8 10 10 10 10 8 8 10 10 10 8 8 10 10 10 10 10 10 10 10 10 10 10 10 10 10
left_child=1 2 3 9 11 6 17 20 -8 24 18 25 22 -11 -12 19 -14 -6 -5 -13 21 -4 -9 -17 -1 -3
right_child=-2 4 7 10 5 -7 8 12 -10 13 14 15 16 -15 -16 23 -18 -19 -20 -21 -22 -23 -24 -25 -26 -27
leaf_value=-0.017990485302743976 -0.032738645210703146 -0.0022283248841833813 0.0035353987134915297 -0.010386095925092568 -0.0018436103359116298 -0.014125720799746017 -0.0024135970063131449 -0.0079550444100319698 -0.00053778071793957397 -0.012353853348218424 -0.0059878062153997597 -0.0076029501812291348 -0.0050574555709252331 -0.0069577633625062651 -0.0037342300695499455 -0.0043987359916341333 -0.0031617946808812926 0.0030549316007354795 -0.0069594868268584281 -0.0052093936001056992 -0.0036344124240467179 -0.00032046267020690482 -0.0052286178428042722 6.9442217908048231e-05 -0.011491859587767541 0.0012753562949493849
leaf_weight=4174 2054 3709 6343 8562 3376 2199 1184890 7810 104031 6384 62716 23809 19991 20499 44058 2494 101715 16875 20896 21142 2186 7797 18228 2780 4903 2115
leaf_count=4174 2054 3709 6343 8562 3376 2199 1184890 7810 104031 6384 62716 23809 19991 20499 44058 2494 101715 16875 20896 21142 2186 7797 18228 2780 4903 2115
internal_value=-0.00294136 -0.00289653 -0.0051274 -0.0067001 -0.00234712 -0.00221285 -0.00218835 -0.00346863 -0.00226109 -0.0102526 -0.00573691 -0.00546219 -0.00396187 -0.00839852 -0.00506872 -0.0060401 -0.00348299 0.00229901 -0.00807299 -0.00652106 0.000874735 0.00159201 -0.00613666 -0.00203824 -0.0151409 -0.00067532
internal_weight=1.70574e+06 1.70368e+06 336262 172192 1.36742e+06 1.31137e+06 1.30917e+06 164070 1.28892e+06 35960 136232 56049 147744 26883 106774 50225 121706 20251 29458 44951 16326 14140 26038 5274 9077 5824
internal_count=1705736 1703682 336262 172192 1367420 1311371 1309172 164070 1288921 35960 136232 56049 147744 26883 106774 50225 121706 20251 29458 44951 16326 14140 26038 5274 9077 5824
is_linear=0
shrinkage=1


Tree=1
num_leaves=31
num_cat=0
split_feature=13 0 1 9 2 16 16 13 12 8 16 8 0 18 9 18 13 11 18 16 7 2 15 23 2 0 4 8 16 0
split_gain=2546.03 1433.83 1081.91 798.147 661.149 593.389 508.002 317.321 303.137 277.636 263.13 242.004 211.319 207.006 198.074 192.978 154.299 152.18 133.508 106.668 104.958 96.6089 75.92 51.298 49.3164 48.4653 47.4171 39.8838 37.6736 32.8602
threshold=-12.870800971984862 -0.13697075843811032 -0.40720117092132563 -0.51465147733688343 -0.021633690223097798 -0.26814237236976618 -0.11095563694834708 -11.727900505065916 -12.668993949890135 -2.4653966426849361 -0.043853726238012307 -2.4653966426849361 0.034896105527877815 -0.10077995806932448 -0.54561096429824818 -0.27485078573226923 -11.717095375061033 -0.020698716863989827 -0.064905583858489976 -0.15231527388095853 -0.030313140712678429 0.0016448855167254808 -0.020471394062042233 -1.2943465709686277 0.0071211112663149842 -0.039479136466979974 -0.099748793989419923 -0.75197267532348622 -0.22658324986696241 0.0041867792606353768
decision_type=10 10 10 10 10 10 8 10 10 8 10 10 10 10 10 10 10 8 10 10 10 10 10 10 10 10 10 10 10 10
left_child=4 2 16 8 14 27 21 13 9 20 -9 26 17 -7 -1 -11 -2 29 -19 -13 -3 23 -21 -6 -14 -16 -4 -5 -23 -8
right_child=1 3 11 5 6 7 12 10 -10 15 -12 19 24 -15 25 -17 -18 18 -20 22 -22 28 -24 -25 -26 -27 -28 -29 -30 -31
leaf_value=-0.019445338580199367 -0.010354788326901881 -0.0050179852832028691 -0.0084718901966668817 0.0073960534527368659 -0.0034359609123546511 -0.00013977324995590002 -0.0082309251214471649 0.00069543414960501477 -0.009327878486103152 -0.00082834773525520763 0.0018538979334450747 0.0028266069736385107 -0.0023264315597338334 0.0021061539058818734 -0.0097672908648225951 0.0005840275339462559 -0.021929328395080879 -0.0046093914251756126 -0.00083765876925613418 -0.0049166494431946766 -0.0012404231779049562 0.0042027304650151575 -0.001053677387367816 0.00065850798302977489 0.0018519610635288229 -0.0031455301641585363 -0.0026322868940592842 0.0042935983314796753 0.0010299478091446549 -0.0035807905501821853
leaf_weight=2001 5938 15371 5784 9316 5337 315165 12460 393566 3058 234002 322673 4350 39524 41312 4100 137810 2074 59937 10344 5787 12524 4966 19664 4765 2273 2312 2528 13317 11044 3100
leaf_count=2001 5938 15371 5784 9316 5337 315165 12460 393566 3058 234002 322673 4350 39524 41312 4100 137810 2074 59937 10344 5787 12524 4966 19664 4765 2273 2312 2528 13317 11044 3100
internal_value=8.68203e-07 0.000376969 -0.00480357 0.000538221 -0.00356896 0.000958108 -0.00309387 0.00085483 -0.000602722 -0.000523649 0.00121868 -0.00259644 -0.00387163 0.000122252 -0.011557 -0.000303972 -0.0144984 -0.0047269 -0.00406834 -0.00126888 -0.00338425 0.000697925 -0.0020214 -0.00153638 -0.0020729 -0.00782332 -0.00698002 0.00571583 0.00212973 -0.00746349
internal_weight=1.7064e+06 1.54424e+06 46125 1.49811e+06 162163 1.09535e+06 153750 1.07272e+06 402765 399707 716239 38113 127638 356477 8413 371812 8012 85841 70281 29801 27895 26112 25451 10102 41797 6412 8312 22633 16010 15560
internal_count=1706402 1544239 46125 1498114 162163 1095349 153750 1072716 402765 399707 716239 38113 127638 356477 8413 371812 8012 85841 70281 29801 27895 26112 25451 10102 41797 6412 8312 22633 16010 15560
is_linear=0
shrinkage=0.03


Tree=2
num_leaves=27
num_cat=0
split_feature=4 13 8 16 16 4 2 19 6 12 13 2 8 16 0 15 8 2 7 23 0 23 16 23 18 0
split_gain=2624.32 2247.59 1210.72 634.815 527.528 539.81 387.752 379.368 334.943 312.492 180.226 167.94 155.647 149.84 142.484 119.358 104.665 90.73 66.407 51.497 34.7791 26.6144 28.187 22.9438 19.1535 0.623651
threshold=1.0000000180025095e-35 -12.73116874694824 -2.4653966426849361 -0.14149632304906842 -0.22076833993196485 -0.082503542304038988 -0.017048917710781094 -0.038355739787220948 -2.4999999999999996 -13.273291587829588 -13.008988380432127 -0.014779508113861082 -1.4269762635231016 -0.29940402507781977 0.043358176946640022 -0.013511359691619871 -1.4397476911544798 0.00153766421135515 -0.029700192622840401 -1.2943465709686277 -0.098082840442657457 -1.576338469982147 -0.18899485468864438 -1.6524960398674009 -0.42956474423408503 -0.040341377258300774
decision_type=8 10 10 8 8 10 10 8 2 10 10 10 10 10 10 10 10 10 10 10 10 10 10 10 10 10
left_child=1 3 8 17 9 11 12 -7 -3 13 14 -6 25 -4 -8 20 -12 23 -17 -14 -10 -19 -23 -1 -25 -5
right_child=-2 2 4 6 5 7 10 -9 15 -11 16 -13 19 -15 -16 18 -18 21 -20 -21 -22 22 -24 24 -26 -27
leaf_value=-0.002829446419714313 -0.030453399281040992 -0.01272628545467468 0.0064273394049920241 -0.011624401107490629 -0.0037460629977430831 0.0008750118586379179 -0.0046259887684945303 -0.0010617416305345568 -0.0091650184841992124 -0.0062888712397889705 -0.0040111919224159126 -0.00066167240935890092 -0.0055442933207653367 0.0028249738096784473 -0.0020930241510967386 -0.0040654203083567353 -0.0010340007779643899 0.00039585205535358297 -0.0010826385242044662 -1.1427365643287755e-05 -0.0030007068919235143 0.0045992503116222064 0.0013805535608253862 0.0012732842685804786 -0.0019323621034963378 -0.006729798444953106
leaf_weight=2852 2044 3862 14179 6082 16863 1083562 67403 98812 3917 2471 13656 201415 7246 44987 30945 16040 47123 3592 12683 2020 2053 7596 4802 4505 2002 3288
leaf_count=2852 2044 3862 14179 6082 16863 1083562 67403 98812 3917 2471 13656 201415 7246 44987 30945 16040 47123 3592 12683 2020 2053 7596 4802 4505 2002 3288
internal_value=-6.04172e-06 3.92285e-05 0.00044052 -0.00291834 0.000579743 0.000459321 -0.00355114 0.000712522 -0.00477197 0.00328568 -0.00304997 -0.000909344 -0.00762328 0.00373993 -0.00384665 -0.00370975 -0.00173509 0.00149053 -0.00279966 -0.00443118 -0.00748728 0.00283657 0.00347769 -0.000805993 0.000176683 -0.0103652
internal_weight=1.706e+06 1.70396e+06 1.50084e+06 203112 1.46229e+06 1.40065e+06 177763 1.18237e+06 38555 61637 159127 218278 18636 59166 98348 34693 60779 25349 28723 9266 5970 15990 12398 9359 6507 9370
internal_count=1706000 1703956 1500844 203112 1462289 1400652 177763 1182374 38555 61637 159127 218278 18636 59166 98348 34693 60779 25349 28723 9266 5970 15990 12398 9359 6507 9370
is_linear=0
shrinkage=0.03


Tree=3
num_leaves=31
num_cat=0
split_feature=4 13 9 16 16 1 0 13 13 16 0 2 27 0 0 9 6 18 9 17 16 3 18 1 5 2 0 2 9 1
split_gain=2490.36 2144.33 936.225 638.062 492.474 441.576 421.002 348.833 327.956 307.954 186.689 161.547 160.931 143.483 132.202 123.592 121.142 102.463 95.6046 73.6916 62.1632 73.7643 57.2322 32.5868 27.675 25.2705 15.2185 9.69214 7.40672 7.21601
threshold=-1.0000000180025095e-35 -12.513070583343504 -0.66721728444099415 -0.13767445087432859 -0.233374148607254 -0.56995189189910878 -0.14457958936691281 -12.979273796081541 -11.759100914001463 -0.043853726238012307 -0.036169052124023431 -0.015403118915855883 0.07592471688985826 0.17417287826538089 0.028807759284973148 -0.37359699606895441 -1.4999999999999998 -0.27660617232322687 -0.54561096429824818 -0.37630504369735712 -0.26814237236976618 -0.006691230693832039 -0.15190181881189344 0.13425821065902713 0.2712064683437348 0.0009160861372947694 -0.16459327936172483 -0.0066510066390037528 -0.63846924901008595 -0.24134421348571775
decision_type=8 10 10 8 8 10 10 10 10 10 10 10 10 10 10 8 2 10 10 10 10 10 10 10 8 10 10 10 10 8
left_child=1 3 6 18 12 10 16 14 11 -10 26 -6 23 17 -7 -9 29 -8 25 -14 24 -22 -18 -4 -20 -1 -5 -12 -27 -3
right_child=-2 2 4 5 8 7 13 15 9 -11 27 -13 19 -15 -16 -17 22 -19 20 -21 21 -23 -24 -25 -26 28 -28 -29 -30 -31
leaf_value=-0.0042800600709082372 -0.029697840971994616 -0.012951684329972922 0.0031254211664285612 -0.013282074805127192 -0.0037588429809656018 -0.0046413438789896849 -0.0017016147440693866 -0.0021844600094570663 0.00043139018373348305 0.0015522763996931169 -0.0046739736637859538 -5.8119226719613756e-06 0.0073942271729089473 -0.0083217455387764819 -0.0024089276616574397 -0.00018640037857222471 -0.0056090219282993693 -2.2272947035639636e-05 0.0019464154760386924 0.0039063423134113057 -0.0014343890273228401 0.0021126460896841409 0 -5.7440523660135815e-05 0.0060557192437571943 -0.0015478702918693529 -0.0071390829360681082 -0.0014928688771591178 0.0007151498660886435 -0.0060961054862166564
leaf_weight=2217 2039 2398 3734 4189 10164 68602 87576 79638 458758 427132 2627 327471 9457 2032 40663 43393 5717 52609 3858 20548 6889 17905 2166 8543 3600 2035 3309 2653 2046 2117
leaf_count=2217 2039 2398 3734 4189 10164 68602 87576 79638 458758 427132 2627 327471 9457 2032 40663 43393 5717 52609 3858 20548 6889 17905 2166 8543 3600 2035 3309 2653 2046 2117
internal_value=-8.57574e-06 3.54743e-05 0.000511375 -0.00234354 0.000780846 -0.00290755 -0.00168821 -0.00259465 0.00066962 0.000972735 -0.00826141 -0.00012507 0.00394695 -0.00121026 -0.00382804 -0.00148578 -0.00688803 -0.00107584 0.0012257 0.00511867 0.00188982 0.00110637 -0.00414581 0.000971558 0.00422354 -0.00202001 -0.0112244 -0.0033949 -0.0003936 -0.0107253
internal_weight=1.70608e+06 1.70405e+06 1.42042e+06 283624 1.26581e+06 245074 154615 232296 1.22352e+06 885890 12778 337635 42282 142217 109265 123031 12398 140185 38550 30005 32252 24794 7883 12277 7458 6298 7498 5280 4081 4515
internal_count=1706085 1704046 1420422 283624 1265807 245074 154615 232296 1223525 885890 12778 337635 42282 142217 109265 123031 12398 140185 38550 30005 32252 24794 7883 12277 7458 6298 7498 5280 4081 4515
is_linear=0
shrinkage=0.03


Tree=4
num_leaves=27
num_cat=0
split_feature=4 13 8 16 8 16 4 19 13 6 21 1 18 15 16 15 20 27 18 3 16 23 24 20 7 8
split_gain=2261.95 1948.93 871.511 661.398 460.486 390.307 427.882 374.629 366.956 262.178 215.253 197.792 139.461 139.158 119.435 115.869 109.106 105.065 66.4964 44.0302 57.8804 43.8901 39.0293 33.0361 31.913 16.1992
threshold=-1.0000000180025095e-35 -12.513070583343504 -2.4653966426849361 -0.094754062592983232 -2.0143042802810665 -0.233374148607254 -0.075580563396215425 -0.052715584635734551 -13.073032855987547 -2.4999999999999996 -0.15000000223517415 -0.46341681480407709 -0.12081054970622061 -0.038852035999298089 -0.26814237236976618 -0.021534264087676998 -1.6173052787780759 0.07592471688985826 -0.14378303289413449 -0.0045017795637249938 -0.15688096731901166 -1.2095784544944761 -1.4999999999999998 -0.45514690876007075 -0.070822268724441514 -2.8737926483154292
decision_type=8 8 10 8 10 8 8 8 10 2 2 10 10 10 10 10 10 10 10 10 10 10 2 10 10 10
left_child=1 3 9 14 11 10 13 -8 16 -3 17 25 -10 -7 21 -11 -6 -4 -17 23 -21 24 -13 -16 -1 -5
right_child=-2 2 5 4 8 6 7 -9 12 15 -12 22 -14 -15 19 18 -18 -19 -20 20 -22 -23 -24 -25 -26 -27
leaf_value=0.0037747910605075144 -0.028282196918916588 -0.01206029281394975 0.0013309290692643209 -0.015515294600691678 -0.0074141900375790971 -0.0059399706092754696 0.00096081692909271582 -0.00066405654965141911 -0.0019642542419314813 -0.0085242337487569323 -0.0048097167530149042 -0.0059775683176497016 0.00051854180527470366 -0.00057844193338006287 -0.0032603269479577366 -0.0032778984435510071 -0.0036304357598957279 0.0047242085782502642 0.00014310653264216474 0.0021874275621575367 -0.00037209772469291353 0.0060314843715995317 -0.0018597901059009014 -0.00036160598072965008 -0.00058390073608623346 -0.0073453556217673854
leaf_weight=2400 2044 3003 12128 2207 7939 3968 968276 146509 93206 2975 2327 14880 25557 220304 4483 22936 75217 31200 6277 12858 18982 3712 3327 13807 2715 2345
leaf_count=2400 2044 3003 12128 2207 7939 3968 968276 146509 93206 2975 2327 14880 25557 220304 4483 22936 75217 31200 6277 12858 18982 3712 3327 13807 2715 2345
internal_value=-1.50638e-05 2.69652e-05 0.000480835 -0.00224094 -0.00298188 0.000600124 0.000506161 0.000746799 -0.00251115 -0.00414726 0.00331421 -0.00700158 -0.00142752 -0.000687639 0.00057899 -0.00322665 -0.00403742 0.00380726 -0.00254269 0 0.000670082 0.00369618 -0.00531098 -0.00115592 0.00156183 -0.0125094
internal_weight=1.70558e+06 1.70354e+06 1.4199e+06 283635 224678 1.38471e+06 1.33906e+06 1.11478e+06 201919 35191 45655 22759 118763 224272 58957 32188 83156 43328 29213 50130 31840 8827 18207 18290 5115 4552
internal_count=1705582 1703538 1419903 283635 224678 1384712 1339057 1114785 201919 35191 45655 22759 118763 224272 58957 32188 83156 43328 29213 50130 31840 8827 18207 18290 5115 4552
is_linear=0
shrinkage=0.03


Tree=5
num_leaves=31
num_cat=0
split_feature=4 13 9 0 16 16 13 2 16 19 13 18 6 0 0 18 15 27 16 2 2 11 20 16 13 4 14 4 14 11
split_gain=2159.19 1846.56 997.994 541.384 526.834 492.276 334.619 305.66 245.757 192.01 179.177 170.333 154.51 152.771 129.613 124.802 102.503 87.8835 83.2287 61.8814 60.4379 34.124 33.5564 33.4414 33.3844 27.3986 26.0669 20.2773 15.9163 11.3471
threshold=1.0000000180025095e-35 -12.845088958740233 -0.56006106734275807 -0.13014173507690427 -0.26814237236976618 -0.1303976699709892 -11.727900505065916 -0.015403118915855883 -0.043853726238012307 -0.0032354212598875161 -11.957477092742918 -0.19424716383218762 -1.4999999999999998 0.034896105527877815 -0.030240595340728756 -0.064905583858489976 -0.018794417381286618 0.07592471688985826 0.085662871599197402 0.0012745157000608744 0.0071211112663149842 -0.019714222289621827 -0.51443946361541737 -0.22658324986696241 -13.142871379852293 -0.092331301420927034 -2.2022119760513301 -0.099999040365219102 -2.955170631408691 -0.010566777549684046
decision_type=8 8 10 10 8 8 8 10 10 8 10 10 2 10 10 10 10 10 8 10 10 10 10 10 10 10 10 10 10 10
left_child=1 5 3 12 17 19 11 14 -8 10 -5 -6 18 15 21 -9 -14 29 -3 22 -15 -7 -1 28 -16 -25 -19 -24 -21 -4
right_child=-2 2 4 9 6 7 8 13 -10 -11 -12 -13 16 20 24 -17 -18 26 -20 23 -22 -23 27 25 -26 -27 -28 -29 -30 -31
leaf_value=-0.0037356670514987356 -0.027798365264788263 -0.0035000152791626036 0.0025080451840373305 -0.0019135120667729782 -0.00041455705653755331 -0.01066158162648617 0.00053985976640160847 -0.0041742233557525285 0.0016059433711037581 -0.0089636495025211833 -0.00024095774389670314 0.00095738184455488402 -0.0077088180149182161 -0.0018103964977733854 -0.0046304325774560581 -0.00044573615606235175 -0.0020164920240346696 0.0069200090861665699 -0.011006607571324654 0.0061102160463630028 0.0023465208700871438 -0.0061444268804294391 0.0018255914772728752 -0.0013103615442969414 -0.00018892029191018033 0.0020419624722404859 0.0038960015347875242 -0.0013707494338227101 0.0021370077793409392 -0.00018546541025816522
leaf_weight=2140 2011 2749 2157 78348 290726 6602 424317 71435 362092 2056 217109 112549 3568 40130 6160 9452 12412 12497 5177 2026 2927 6614 3171 2658 2218 6603 7204 2933 3390 2463
leaf_count=2140 2011 2749 2157 78348 290726 6602 424317 71435 362092 2056 217109 112549 3568 40130 6160 9452 12412 12497 5177 2026 2927 6614 3171 2658 2218 6603 7204 2933 3390 2463
internal_value=1.04596e-07 4.1235e-05 0.000368859 -0.00111604 0.000762544 -0.00293538 0.000671699 -0.00357788 0.00103181 -0.000761115 -0.000687976 -3.02117e-05 -0.00541475 -0.00297743 -0.00686531 -0.00374763 -0.003501 0.00509119 -0.00880086 0.00112067 -0.00149723 -0.00872922 -0.000899611 0.00226746 -0.00356524 0.00103124 0.00595288 0.000256809 0.0040648 0.00113561
internal_weight=1.70589e+06 1.70388e+06 1.53542e+06 321419 1.214e+06 168459 1.18968e+06 145538 786409 297513 295457 403275 23906 123944 21594 80887 15980 24321 7926 22921 43057 13216 8244 14677 8378 9261 19701 6104 5416 4620
internal_count=1705894 1703883 1535424 321419 1214005 168459 1189684 145538 786409 297513 295457 403275 23906 123944 21594 80887 15980 24321 7926 22921 43057 13216 8244 14677 8378 9261 19701 6104 5416 4620
is_linear=0
shrinkage=0.03


Tree=6
num_leaves=28
num_cat=0
split_feature=4 13 8 8 18 17 13 0 27 2 2 20 11 27 11 4 17 1 0 0 18 18 0 18 0 14 20
split_gain=2118.95 1740.98 1007.02 439.952 354.129 393.755 355.969 257.931 257.391 250.658 201.124 199.839 139.337 100.246 80.5043 80.4751 73.6615 66.198 65.1025 59.3262 47.5894 45.0294 44.8787 37.5693 25.9209 17.627 11.1793
threshold=1.0000000180025095e-35 -12.797373771667479 -2.4653966426849361 -1.4397476911544798 -0.11440601944923399 -0.35268484055995936 -11.900589466094969 -0.15347236394882199 0.083372164517641081 0.0071211112663149842 -0.015403118915855883 -1.2800117731094358 -0.011363280471414326 0.09890425950288774 -0.023222441785037514 -0.055148093029856675 0.32930262386798864 -0.24134421348571775 -0.10149580240249632 0.070382684469223036 -0.18294951319694516 -0.086038056761026369 0.044150322675704963 -0.37070205807685846 -0.040341377258300774 -2.7760202884674068 0.0052201449871063241
decision_type=8 10 10 10 10 8 8 10 10 10 10 10 10 8 10 10 10 10 10 10 10 10 10 10 10 10 10
left_child=1 3 7 10 5 8 -7 17 -4 11 24 19 18 -13 -12 20 -16 -3 -6 -5 -9 -14 23 -11 -1 -24 -17
right_child=-2 2 4 9 12 6 -8 15 -10 22 14 13 21 -15 16 26 -18 -19 -20 -21 -22 -23 25 -25 -26 -27 -28
leaf_value=-0.010236620065768086 -0.027588822110249003 -0.011168978436399732 0.001019706743178358 -0.0066509322323628044 -0.001439234187072834 -0.00061252008368243443 0.00052597447283067014 -0.0045001014576867169 0.0043576552474999383 0.0022945052558089349 -0.0084787292811796585 -0.0024259736995036066 0.0018757248761850631 -0.00041721968881996551 -0.0040432950364286697 0.001656965639467157 3.7156081430132373e-05 -0.0046429307542313553 0.0013401533102652967 -0.0016302279803137002 -0.0014528151952089838 0.0035496949756738719 0.0045993522615022011 -0.0022708115577978064 -0.0054974745065766968 0.0013694411338715867 -0.00080423128625547416
leaf_weight=7202 2002 4934 56150 11065 8792 334770 938867 17700 33239 2534 3050 81772 26404 31559 22638 2365 4623 3729 40195 3286 7481 42921 4251 2972 4216 3598 3349
leaf_count=7202 2002 4934 56150 11065 8792 334770 938867 17700 33239 2534 3050 81772 26404 31559 22638 2365 4623 3729 40195 3286 7481 42921 4251 2972 4216 3598 3349
internal_value=-6.87394e-07 3.96408e-05 0.000372553 -0.00272252 0.000499496 0.000362159 0.000226368 -0.00432054 0.00228158 -0.00190632 -0.00541882 -0.00231667 0.002071 -0.00187353 -0.0040071 -0.00293502 -0.00335231 -0.00879921 0.000825756 -0.00561512 -0.00365238 0.00293442 0.00193726 -0.000103684 -0.00881595 0.00332537 0.000217528
internal_weight=1.70566e+06 1.70366e+06 1.5209e+06 182766 1.48134e+06 1.36303e+06 1.27364e+06 39558 89389 141037 41729 127682 118312 113331 30311 30895 27261 8663 48987 14351 25181 69325 13355 5506 11418 7849 5714
internal_count=1705664 1703662 1520896 182766 1481338 1363026 1273637 39558 89389 141037 41729 127682 118312 113331 30311 30895 27261 8663 48987 14351 25181 69325 13355 5506 11418 7849 5714
is_linear=0
shrinkage=0.03


Tree=7
num_leaves=25
num_cat=0
split_feature=25 6 1 0 12 12 17 19 23 0 1 0 27 12 1 2 24 0 18 27 17 8 14 11
split_gain=1897.74 1688.47 749.092 510.58 480.182 382.991 354.667 413.598 345.918 207.475 191.025 140.516 137.839 124.766 109.021 88.421 85.8873 61.1702 59.8101 59.572 56.6715 70.5758 43.8256 7.90941
threshold=-1.0000000180025095e-35 -1.0000000180025095e-35 -0.084133565425872789 -0.26674902439117426 -16.761588096618649 -12.668993949890135 -0.38354165852069849 -0.043824065476655953 -2.2612673044204707 -0.036169052124023431 0.12964013218879702 -0.044079661369323724 0.086347457021474852 -17.008963584899899 -0.40720117092132563 0.00783330947160721 -3.4999999999999996 0.041086643934249885 -0.093255639076232896 0.067648336291313185 -0.34238952398300165 -0.80543115735054005 -2.2175716161727901 -0.01761465240269899
decision_type=8 2 10 10 8 10 8 8 10 10 10 10 10 10 10 10 2 10 10 10 10 10 10 10
left_child=1 2 3 14 15 6 12 -8 11 -10 13 -5 -6 23 -1 16 17 -3 -18 -15 21 -12 -22 -4
right_child=-2 4 10 8 5 -7 7 -9 9 -11 20 -13 -14 19 -16 -17 18 -19 -20 -21 22 -23 -24 -25
leaf_value=-0.013450815111670107 -0.025934408550941854 -0.0050968053273476787 -0.0063537981178345667 -0.0081826434617012066 0.001879153770367487 -0.010567332567170087 0.00070934467192811839 -0.0011875494546329983 -0.003351448396270705 -0.00090887834736222547 0.0066950881928093059 -0.0039404821312079338 0.0052572054224466003 -0.0014011629599962017 -0.0050148285965397107 0.0021248257151413397 -0.0019880723266622871 -0.0013761280950583506 0.00164395251906387 -6.1967963182047288e-05 0.0017722063544956135 0 -0.00089699894468890293 -0.0029689914939812277
leaf_weight=4696 2036 14152 2850 12273 31154 2250 1156016 113054 64346 62302 3423 21399 17469 57253 3299 3567 28705 6447 4265 63097 18516 2211 7282 3519
leaf_count=4696 2036 14152 2850 12273 31154 2250 1156016 113054 64346 62302 3423 21399 17469 57253 3299 3567 28705 6447 4265 63097 18516 2211 7282 3519
internal_value=-1.85074e-06 3.65672e-05 -0.00190133 -0.00329152 0.000496728 0.000613739 0.000637059 0.000539724 -0.00289838 -0.00216053 -0.000414186 -0.00559258 0.00314007 -0.000935237 -0.0105052 -0.0021831 -0.00249249 -0.00400675 -0.00149173 -0.000704695 0.0016588 0.00427928 0.00100463 -0.00487955
internal_weight=1.70558e+06 1.70354e+06 326466 168315 1.37708e+06 1.31994e+06 1.31769e+06 1.26907e+06 160320 126648 158151 33672 48623 126719 7995 57136 53569 20599 32970 120350 31432 5634 25798 6369
internal_count=1705581 1703545 326466 168315 1377079 1319943 1317693 1269070 160320 126648 158151 33672 48623 126719 7995 57136 53569 20599 32970 120350 31432 5634 25798 6369
is_linear=0
shrinkage=0.03


Tree=8
num_leaves=31
num_cat=0
split_feature=4 13 9 16 0 2 16 8 13 14 17 17 8 1 8 0 6 9 27 27 23 8 0 16 15 16 11 5 5 23
split_gain=2076.6 1631.96 770.18 587.071 435.435 428.595 355.468 233.343 219.342 213.673 175.524 167.556 134.39 125.917 115.499 102.925 96.9193 93.2112 81.9582 66.4426 63.9498 57.4371 55.3199 49.9396 48.1652 43.379 50.7865 34.9004 30.3809 15.2404
threshold=1.0000000180025095e-35 -12.513070583343504 -0.56006106734275807 -0.1303976699709892 -0.15347236394882199 -0.014779508113861082 -0.26814237236976618 -1.4021266698837278 -13.039963722229002 -3.4555277824401851 -0.38354165852069849 -0.075957357883453355 -2.0143042802810665 -0.40720117092132563 -0.31671264767646784 0.034277379512786872 -1.4999999999999998 -0.55127117037773121 0.026346954517066482 0.07592471688985826 -1.4498482346534727 -0.71684059500694264 -0.031644463539123528 0.1048451103270054 -0.020471394062042233 -0.26814237236976618 -0.020350004546344277 0.23663807660341266 -1.4904737472534177 -1.4786422252655027
decision_type=8 8 10 8 10 10 8 10 10 10 10 10 10 10 8 10 2 10 10 10 10 10 10 8 10 10 10 8 10 10
left_child=1 3 4 17 16 7 19 22 15 13 -11 14 -10 -8 -6 -7 23 28 -13 -4 -9 -21 -5 -3 -18 27 -27 -19 29 -1
right_child=-2 2 6 5 11 8 9 20 12 10 -12 18 -14 -15 -16 -17 24 25 -20 21 -22 -23 -24 -25 -26 26 -28 -29 -30 -31
leaf_value=-0.0050092660229790137 -0.027101684758981521 -0.003810660052582111 0.0010870742329575577 -0.0096775301770995071 -0.001126070171180245 -0.0040710223000341187 -0.0066908573701547069 -0.0045032953736587793 -0.0046204226470303198 0.0030402813374467113 0.00080748598712404801 0.0017852558832219083 -0.00098959794731884819 -0.00024771612989674618 -0.0069963865976980536 -0.0018445920738232851 -0.0072944392719338329 0.0013886545500179314 -0.00017175463298302953 0.0074383244871125583 -0.00050642468019253413 0.0034449990054168252 -0.0049066468050142434 -0.01132958197504229 -0.0021259394470643819 -0.0010477266272289009 0.0019304690992002732 0.0057493797161234017 0.00055997341677684184 -0.00097959422106402654
leaf_weight=2048 2043 2107 4323 10971 167235 54293 2294 9709 9611 32497 934165 24084 114843 133796 2617 31386 2082 3758 87763 7731 6065 8781 5358 3304 7211 6253 21293 3752 2455 2050
leaf_count=2048 2043 2107 4323 10971 167235 54293 2294 9709 9611 32497 934165 24084 114843 133796 2617 31386 2082 3758 87763 7731 6065 8781 5358 3304 7211 6253 21293 3752 2455 2050
internal_value=-1.21053e-05 2.8142e-05 0.000443586 -0.00204627 -0.000915179 -0.00261145 0.000802543 -0.00582624 -0.00210622 0.000727656 0.000884391 -0.000645856 -0.00128976 -0.000382616 -0.00123855 -0.00327435 -0.00586421 0.0012289 0.000253048 0.00464218 -0.00304773 0.005496 -0.00832219 -0.00902252 -0.00362783 0.00184651 0.00123709 0.00382762 -0.00192923 -0.00338442
internal_weight=1.70588e+06 1.70384e+06 1.41999e+06 283845 296403 242236 1.12359e+06 32103 210133 1.10275e+06 966662 281699 124454 136090 169852 85679 14704 41609 111847 20835 15774 16512 16329 5411 9293 35056 27546 7510 6553 4098
internal_count=1705878 1703835 1419990 283845 296403 242236 1123587 32103 210133 1102752 966662 281699 124454 136090 169852 85679 14704 41609 111847 20835 15774 16512 16329 5411 9293 35056 27546 7510 6553 4098
is_linear=0
shrinkage=0.03


Tree=9
num_leaves=26
num_cat=0
split_feature=4 13 8 16 6 13 17 16 19 16 2 15 20 0 24 1 4 2 2 20 11 13 0 0 11
split_gain=1840.43 1581.46 1003.11 459.987 449.085 416.343 374.338 349.047 300.78 203.188 173.909 155.437 144.94 129.862 119.938 83.9764 61.1084 57.4383 47.2972 35.0064 25.4536 20.3302 19.9616 18.2663 14.7962
threshold=1.0000000180025095e-35 -12.979273796081541 -2.109627246856689 -0.19262676686048505 -1.4999999999999998 -12.002213954925535 -0.074288934469223009 -0.13218434900045392 -1.0000000180025095e-35 -0.28217040002346033 -0.021633690223097798 -0.020471394062042233 -0.14072817564010617 0.044150322675704963 -4.4999999999999991 -0.33635646104812617 -0.055148093029856675 0.0018064543837681415 0.007286106003448368 -0.18419122695922849 -0.020698716863989827 -13.351950168609617 -0.12402892112731932 0.050878912210464484 -0.012190826702862976
decision_type=8 10 10 8 2 10 10 8 10 10 10 10 8 10 2 10 10 10 10 10 10 10 10 8 10
left_child=1 7 4 8 15 12 -7 17 9 -4 21 22 -5 14 -12 -3 -13 19 -15 -1 -19 -9 -6 -17 -22
right_child=-2 2 3 5 11 6 -8 10 -10 -11 13 16 -14 18 -16 23 -18 20 -20 -21 24 -23 -24 -25 -26
leaf_value=-0.0031971635848022737 -0.025676272018311113 -0.011338572302782074 0.0051498086226503615 0.00018326721351606502 -0.0087981916180620533 0.00017746229292517164 0.0013577683398077868 -0.0096711793626489961 -0.0078267084332659057 0.0018855402823385785 -0.0050718020523182169 -0.002017507506757792 -0.0010790291432448192 -0.0020352640805083927 -0.0025761534168225577 -0.0063614635812697107 0.00027582636704416195 -0.00058896737854671798 0.0022636304619853566 0.00084865339617378962 0.0037297631730879182 -0.0041786498386156487 -0.0032266377427396997 -0.00212261923258087 0.00079437087665899862
leaf_weight=3434 2013 4514 22161 131790 2569 672159 378033 4560 2053 78932 44536 37829 213510 30599 32441 8339 13929 2065 2016 3274 5664 2339 2083 2019 2889
leaf_count=3434 2013 4514 22161 131790 2569 672159 378033 4560 2053 78932 44536 37829 213510 30599 32441 8339 13929 2065 2016 3274 5664 2339 2083 2019 2889
internal_value=-2.16089e-05 1.60508e-05 0.000283447 0.000449421 -0.00318064 0.000305842 0.000603061 -0.00310814 0.0023782 0.00262589 -0.00369749 -0.00191504 -0.000596815 -0.00337149 -0.00404733 -0.00774313 -0.00139786 0.000830072 -0.00173032 -0.00125899 0.0021741 -0.00825779 -0.00691694 -0.00569864 0.00287003
internal_weight=1.70575e+06 1.70374e+06 1.56992e+06 1.49864e+06 71282 1.39549e+06 1.05019e+06 133817 103146 101093 116491 56410 345300 109592 76977 14872 51758 17326 32615 6708 10618 6899 4652 10358 8553
internal_count=1705750 1703737 1569920 1498638 71282 1395492 1050192 133817 103146 101093 116491 56410 345300 109592 76977 14872 51758 17326 32615 6708 10618 6899 4652 10358 8553
is_linear=0
shrinkage=0.03


Tree=10
num_leaves=31
num_cat=0
split_feature=21 6 12 16 8 13 2 20 16 17 19 13 16 17 13 15 19 8 16 16 27 24 2 13 20 8 8 19 17 16
split_gain=1639.64 1481.05 819.18 711.066 546.794 470.553 350.233 336.481 314.453 229.161 232.007 215.702 206.866 184.328 176.846 123.074 122.508 96.8081 95.7089 84.1395 67.0093 54.0205 38.0595 36.5051 33.2392 28.7649 27.6336 27.6113 24.3645 20.8487
threshold=-1.0000000180025095e-35 -1.0000000180025095e-35 -14.104099273681639 -0.14149632304906842 -2.8737926483154292 -12.002213954925535 -0.015403118915855883 -0.002885043621063232 -0.15688096731901166 -0.40951630473136896 -0.034516893327236169 -13.008988380432127 0.17575962841510775 -0.004276509163901209 -13.458991527557371 -0.02272701263427734 -0.11885388568043707 -1.3908153772354124 -0.233374148607254 0.0070437579415738591 0.089637134224176421 -3.4999999999999996 0.0090943011455237883 -12.691255092620848 -0.45514690876007075 -0.7838851511478423 -0.9413926601409911 -0.1551660671830177 -0.31766404211521143 -0.32340739667415613
decision_type=2 2 8 8 10 10 8 10 8 10 8 10 8 10 8 10 10 10 10 10 10 2 10 10 8 10 10 10 10 10
left_child=1 3 -2 18 12 8 17 15 16 20 -11 21 -5 -13 -8 26 22 -6 23 -17 -9 -10 -3 29 -20 -25 -7 -26 -18 -1
right_child=2 5 -4 4 6 7 14 9 11 10 -12 13 -14 -15 -16 19 28 -19 24 -21 -22 -23 -24 25 27 -27 -28 -29 -30 -31
leaf_value=0.0034108907680723772 -0.0037387407629172909 0.0021237637965130988 -0.029449524364816085 -0.0050441804497887432 -0.0064846008437007595 -0.0044279185369952663 -0.0039792974153783061 0.0018541439690562167 -0.0036490369185448019 0.00051088680921858461 -0.0011788739129429829 -0.001366250806909224 -0.012479141803971028 0.0003012882120843293 -0.0012313473786543442 0.0012329601264812163 0.00056258698372889219 -0.0030427178469210133 -0.0023583426746912701 0.0022308834095093296 0.0049741465340517868 -0.0014616984048782167 0.0046434043829199608 0.0059814006821234389 0.0016323191212919573 0.0025163375022831491 0 -0.0006671293474675862 -0.0023807583524346502 0
leaf_weight=2124 2371 20948 2002 15332 16241 3055 23286 18902 26318 616143 82407 115771 4642 121766 207961 185526 4350 16993 2508 135053 10056 19011 8480 5916 16010 5763 2085 6031 4739 3803
leaf_count=2124 2371 20948 2002 15332 16241 3055 23286 18902 26318 616143 82407 115771 4642 121766 207961 185526 4350 16993 2508 135053 10056 19011 8480 5916 16010 5763 2085 6031 4739 3803
internal_value=-7.67095e-06 4.1916e-05 -0.0173849 -0.00177225 -0.00231142 0.000473672 -0.00193985 0.000780319 -0.000529985 0.000420434 0.000310418 -0.000877653 -0.00704929 -0.000511341 -0.00151734 0.00158134 0.00199411 -0.0048048 0.00184341 0.00165712 0.00301382 -0.00276417 0.0029253 0.00350336 0.000594781 0.0044697 -0.00281935 0.000988979 -0.000984904 0.00135294
internal_weight=1.70559e+06 1.70122e+06 4373 326610 284455 1.37461e+06 264481 1.05323e+06 321383 727508 698550 282866 19974 237537 231247 325719 38517 33234 42155 320579 28958 45329 29428 17606 24549 11679 5140 22041 9089 5927
internal_count=1705593 1701220 4373 326610 284455 1374610 264481 1053227 321383 727508 698550 282866 19974 237537 231247 325719 38517 33234 42155 320579 28958 45329 29428 17606 24549 11679 5140 22041 9089 5927
is_linear=0
shrinkage=0.03


Tree=11
num_leaves=31
num_cat=0
split_feature=21 4 12 1 13 0 16 16 18 9 1 18 22 27 0 12 16 3 22 0 2 9 7 16 13 2 21 2 12 23
split_gain=1663.81 1419.95 825.77 649.649 494.319 439.624 296.436 272.414 240.312 250.515 240.014 229.744 183.468 167.987 142.833 124.883 121.267 107.184 102.293 100.073 76.7685 61.4513 58.5237 51.5252 48.5688 40.9089 40.6069 35.0676 30.3819 27.8961
threshold=-1.0000000180025095e-35 -0.092331301420927034 -14.066816329956053 -0.11369013786315917 -12.072710037231444 -0.13014173507690427 -0.15688096731901166 -0.19262676686048505 -0.12689303606748578 -0.44104753434658045 -0.46341681480407709 -0.1111960895359516 -13.499999999999998 0.087450258433818831 0.028807759284973148 -16.704215049743649 -0.043853726238012307 -0.0016469746478833256 -6.4999999999999991 -0.030917048454284664 -0.0033804818522185083 -0.56293609738349903 -0.02716054022312164 -0.29940402507781977 -12.653077125549315 0.0094183324836194533 -0.35000000894069666 -0.016140753403306004 -15.587933540344237 -1.4227293729782102
decision_type=2 10 8 10 8 10 8 10 10 10 10 10 2 10 10 10 10 8 2 8 10 10 10 10 10 10 2 10 10 10
left_child=1 3 -2 5 6 10 21 23 9 16 -1 14 27 -11 -8 26 -6 -13 -12 -14 -17 -3 29 -5 -25 -23 -9 -7 -24 -10
right_child=2 4 -4 7 8 12 11 15 22 13 18 17 19 -15 -16 20 -18 -19 -20 -21 -22 25 28 24 -26 -27 -28 -29 -30 -31
leaf_value=-0.010359646763414476 -0.0038449057442252565 -0.0014901116335941146 -0.029540631329266733 0.0044517881370611653 -0.00052436997322890351 -0.0068778537532038463 -0.0019426724655056747 -0.0041987042821281673 0.002259092548122568 0.00084903027359181497 -0.0066196741285155158 -0.0010989784106447062 -0.0027906645737024254 0.0025619071512751027 -0.00032690888140936026 -0.0014940771008899432 0.00054442685436683789 0.002338243449323988 -0.0025552183687369925 -0.00078836765819067817 -0.00010169593661524099 0.0016274605270258406 0.0032417999301526208 -0.00092981926319949 0.002408119804675569 0.0041420040161353625 -0.00047146456233088292 -0.0037369852497711326 0.0018784433872965722 -0.00045338252011682082
leaf_weight=9019 2408 3698 2015 7247 183314 6009 138023 12782 4694 557700 10983 11696 40660 56733 77518 61445 198385 24207 13594 51966 85295 21961 38900 5204 12184 8639 3686 15318 30836 9250
leaf_count=9019 2408 3698 2015 7247 183314 6009 138023 12782 4694 557700 10983 11696 40660 56733 77518 61445 198385 24207 13594 51966 85295 21961 38900 5204 12184 8639 3686 15318 30836 9250
internal_value=-8.00137e-06 4.22149e-05 -0.0174235 -0.00170511 0.00047206 -0.00319182 -0.000636137 -0.000530349 0.00076575 0.000634884 -0.00619546 -0.000994434 -0.00228046 0.00100963 -0.00136506 -0.000976839 3.03292e-05 0.00121056 -0.00447928 -0.0016808 -0.000689864 0.00195852 0.002307 0.00237632 0.00139428 0.00240219 -0.0034206 -0.00477297 0.00266088 0.000485547
internal_weight=1.70537e+06 1.70095e+06 4423 335392 1.36555e+06 147549 285742 187843 1.07981e+06 996132 33596 251444 113953 614433 215541 163208 381699 35903 24577 92626 146740 34298 83680 24635 17388 30600 16468 21327 69736 13944
internal_count=1705369 1700946 4423 335392 1365554 147549 285742 187843 1079812 996132 33596 251444 113953 614433 215541 163208 381699 35903 24577 92626 146740 34298 83680 24635 17388 30600 16468 21327 69736 13944
is_linear=0
shrinkage=0.03


Tree=12
num_leaves=31
num_cat=0
split_feature=0 13 1 8 16 19 16 3 13 6 11 13 17 0 18 0 24 15 13 8 17 19 0 23 16 16 0 8 3 5
split_gain=1679.34 1155.8 827.187 623.063 368.019 313.302 446.842 394.745 303.297 213.087 212.664 201.443 195.136 185.148 136.637 135.464 108.693 98.3759 67.2726 52.5818 50.2386 46.316 44.0941 40.1812 40.272 35.9606 33.0946 31.6241 24.5923 20.7046
threshold=-0.26674902439117426 -12.797373771667479 -0.36397081613540644 -2.060709953308105 -0.10518600791692732 -0.034516893327236169 -0.24811545014381406 -0.0096141798421740515 -11.727900505065916 -1.4999999999999998 -0.021554403007030484 -11.583602428436278 -0.40009537339210505 0.0028343796730041508 -0.10786180570721625 0.028807759284973148 -5.4999999999999991 -0.013511359691619871 -11.946274757385252 -0.64628231525421131 0.058479778468608863 -2.1473766565322872 -0.071074545383453355 -1.2837074398994444 -0.19262676686048505 0.08063852041959764 -0.06277227401733397 -1.4141374230384824 -0.0059678941033780566 -1.2092576026916502
decision_type=10 8 10 10 10 10 8 10 8 2 10 8 10 10 10 10 2 10 10 10 10 10 10 10 10 10 10 10 10 10
left_child=2 4 11 9 21 6 19 -7 -8 26 13 -1 -9 20 15 -12 -16 22 -19 -5 -6 -2 -11 28 -25 29 -3 -15 -23 -4
right_child=1 3 25 5 10 7 8 12 -10 17 14 -13 -14 27 16 -17 -18 18 -20 -21 -22 23 -24 24 -26 -27 -28 -29 -30 -31
leaf_value=-0.011282086561136858 -0.0030233746258710053 -0.0077024957930109566 -0.0020082292784880597 0.0052996430696344793 -0.0025412999839111781 -0.012542814062234771 -8.6018669368260258e-05 0.0027067450736056814 0.00087097487560673051 -0.0061902621526642894 -0.0037285355658888482 -0.023988414820507394 -0.0012833589134859222 -0.0050158179963775409 -0.0029576826179490388 -0.0014053919719670209 0.0011318824419556594 -0.0027221787759387308 -0.00033081093574555316 0.0025463109844521868 -0.0088304786118940711 -0.0013546334560021176 -0.0012235258571907275 0.0039297197199216526 0.00078474269669373076 -0.0048203248490934535 -0.0037266992189451506 -0.0014231044957781797 0.0011204061726823003 0.0013810996705287269
leaf_weight=6694 2209 6001 3700 17358 2006 2148 457735 12087 850549 5131 57720 2037 88063 3025 8463 39256 16271 15075 34731 13057 10176 6865 2902 5948 9991 2754 5797 8803 6547 2103
leaf_count=6694 2209 6001 3700 17358 2006 2148 457735 12087 850549 5131 57720 2037 88063 3025 8463 39256 16271 15075 34731 13057 10176 6865 2902 5948 9991 2754 5797 8803 6547 2103
internal_value=-1.94221e-06 9.44875e-05 -0.00917174 0.000363814 -0.00219337 0.000498222 0.000620734 -0.00109731 0.000536013 -0.00239693 -0.00282819 -0.0154178 -0.000787763 -0.00540443 -0.00229748 -0.00280323 -0.000286396 -0.0016108 -0.00108044 0.00418766 -0.00795952 0.000726758 -0.00460797 0.00106496 0.00206044 -0.00226619 -0.00600431 -0.00253244 -0.000128046 -0.000720222
internal_weight=1.7052e+06 1.68791e+06 17288 1.51063e+06 177280 1.441e+06 1.3387e+06 102298 1.30828e+06 69637 145720 8731 100150 24010 121710 96976 24734 57839 49806 30415 12182 31560 8033 29351 15939 8557 11798 11828 13412 5803
internal_count=1705202 1687914 17288 1510634 177280 1440997 1338699 102298 1308284 69637 145720 8731 100150 24010 121710 96976 24734 57839 49806 30415 12182 31560 8033 29351 15939 8557 11798 11828 13412 5803
is_linear=0
shrinkage=0.03


Tree=13
num_leaves=30
num_cat=0
split_feature=21 13 8 12 16 9 2 6 14 15 23 16 27 15 20 9 17 12 7 17 11 7 9 2 8 20 23 13 16
split_gain=1523.91 1271.29 794.992 770.061 420.698 360.871 321.246 263.809 250.228 207.302 193.057 181.315 105.5 93.1227 86.4505 83.8496 73.7769 66.4434 62.7907 48.361 80.0821 65.6755 45.1268 43.8734 39.2363 38.2917 34.6025 30.938 10.5467
threshold=-1.0000000180025095e-35 -12.870800971984862 -2.4653966426849361 -14.104099273681639 -0.233374148607254 -0.51465147733688343 -0.0081410678103566152 -2.4999999999999996 -3.0756980180740352 -0.020471394062042233 -1.3483428955078123 -0.14779078215360639 0.07592471688985826 -0.011066913604736326 -1.2800117731094358 -0.70188963413238514 0.54791182279586803 -16.907661437988278 -0.029700192622840401 0.29802101850509649 -0.018891156651079651 -0.050105761736631386 -0.35818909108638758 0.010681952815502884 -2.7092440128326412 -0.14072817564010617 -0.94292205572128285 -10.616690635681151 0.12688188254833224
decision_type=2 10 10 8 8 10 10 2 10 10 10 8 10 10 10 10 10 10 8 10 10 8 8 10 10 8 10 10 8
left_child=1 6 7 -2 12 9 10 28 -7 -6 14 23 27 24 -1 -14 -16 22 -15 21 -21 -12 -13 26 -9 -19 -8 -4 -3
right_child=3 2 4 -5 5 8 11 13 -10 -11 19 17 15 18 16 -17 -18 25 -20 20 -22 -23 -24 -25 -26 -27 -28 -29 -30
leaf_value=-0.0084760199536711711 -0.0035218083810594921 -0.0061548580107641162 4.9775326904920103e-05 -0.028408811007168112 -0.0040747459187125516 -0.00021449101247535574 -0.00064268826959473367 -0.007153729372901577 0.00086393097624138336 -0.00033024051746216934 0.0016065759383049197 -0.0039850043862452783 -0.0014964999924748242 -0.0032021469374330586 -0.0050138661688010769 0.0042364253717247684 -0.00042309960084674635 -0.000533283345539673 -0.00031868862596406451 -0.0031291551309349406 0.0033760960302958078 -0.0038657788803488071 -0.0016605614751430292 0.0040960567022555799 -0.001672131950453502 -0.002189885550234803 0.0025305035660758853 0.0036381798192517021 -0.012991765984222322
leaf_weight=6920 2370 2411 11491 2010 13338 253038 8152 5235 816420 365645 2206 19497 2132 16090 32335 35587 3752 28811 12142 2385 3633 7642 14849 3682 2147 23315 4272 2221 2084
leaf_count=6920 2370 2411 11491 2010 13338 253038 8152 5235 816420 365645 2206 19497 2132 16090 32335 35587 3752 28811 12142 2385 3633 7642 14849 3682 2147 23315 4272 2221 2084
internal_value=-3.9432e-06 4.38827e-05 0.000309853 -0.0167446 0.000422039 0.000326569 -0.00248432 -0.00383148 0.000608511 -0.000468011 -0.00424643 -0.00145438 0.00307596 -0.00286607 -0.0052847 0.00388919 -0.00455706 -0.00199903 -0.0019996 -0.00133826 0.000709695 -0.00259256 -0.00302692 0.00142387 -0.00580472 -0.00129372 0.00048089 0.000759664 -0.0103679
internal_weight=1.70581e+06 1.70143e+06 1.53998e+06 4380 1.49987e+06 1.44844e+06 161451 40109 1.06946e+06 378983 58873 102578 51431 35614 43007 37719 36087 86472 28232 15866 6018 9848 34346 16106 7382 52126 12424 13712 4495
internal_count=1705812 1701432 1539981 4380 1499872 1448441 161451 40109 1069458 378983 58873 102578 51431 35614 43007 37719 36087 86472 28232 15866 6018 9848 34346 16106 7382 52126 12424 13712 4495
is_linear=0
shrinkage=0.03


Tree=14
num_leaves=31
num_cat=0
split_feature=0 13 1 9 16 8 16 14 12 0 13 18 18 18 3 18 1 2 9 2 8 14 7 9 16 23 5 2 9 0
split_gain=1387.7 978.318 673.196 646.729 353.907 315.914 299.97 242.319 211.695 176.964 172.542 169.011 160.227 104.934 94.9973 120.491 92.9517 61.219 59.4401 57.3317 42.9061 36.2245 31.3107 29.8561 25.8633 25.7288 23.8515 23.073 21.5029 20.5108
threshold=-0.26674902439117426 -12.870800971984862 -0.46341681480407709 -0.51465147733688343 -0.26814237236976618 -3.0967004299163814 -0.1303976699709892 -3.0756980180740352 -12.668993949890135 0.028807759284973148 -11.717095375061033 -0.17857591062784192 -0.23318658024072644 -0.093255639076232896 -0.0036327213747426863 -0.086038056761026369 -0.080334961414337144 0.0040431637316942224 -0.69436669349670399 0.0071211112663149842 -0.65373456478118885 -2.7479118108749385 -0.029106765985488888 -0.30691894888877863 0.078359358012676253 -1.2274243235588072 -1.6292402744293211 0.010203117504715921 -0.38393571972846979 0.091611295938491835
decision_type=10 8 10 10 8 10 10 10 10 10 8 10 8 10 10 10 10 10 10 10 10 10 10 10 10 10 10 10 10 10
left_child=2 6 10 5 20 22 17 13 12 14 -1 -9 -7 -6 16 -16 -8 25 -4 23 -5 27 -3 -11 -20 26 -2 -19 -27 -22
right_child=1 3 18 4 7 8 9 11 -10 19 -12 -13 -14 -15 15 -17 -18 21 24 -21 29 -23 -24 -25 -26 28 -28 -29 -30 -31
leaf_value=-0.010212839481170556 -0.0034939114007560158 -0.0057837735940258796 -0.0059820753695552838 0.005498751215633731 -0.00040178242631525062 -0.0008342421976504712 -0.0071982333682128015 0.00068045792000598392 -0.0076747578608347671 -0.001883042591724368 -0.022330205678195714 0.0018727452389482632 0.00048962487280156336 0.0015520674632473197 -0.003582842983193473 -0.00045713602546010014 -0.003056188119929225 0.0021261278354275221 0.00028258320857202059 0.002460767072192616 0.001234146033332233 0.00060591294042675894 -0.0021721200871403041 0 -0.0034311354684707579 -0.001011783254945558 7.4235426949965626e-05 0.0065627837711865764 0.0026659273849444155 0.0041860137222173369
leaf_weight=5520 2840 10775 2978 13110 229047 288412 11028 704908 3200 37329 2093 126507 114352 27195 48752 14831 11311 3560 4594 3025 6004 4838 4112 9465 2005 2056 3043 2124 2722 3980
leaf_count=5520 2840 10775 2978 13110 229047 288412 11028 704908 3200 37329 2093 126507 114352 27195 48752 14831 11311 3560 4594 3025 6004 4838 4112 9465 2005 2056 3043 2124 2722 3980
internal_value=-4.24775e-06 8.31231e-05 -0.00836318 0.000314674 0.000694197 -0.000685924 -0.00216876 0.000614717 -0.000524486 -0.00268641 -0.0147521 0.000863252 -0.000457487 -0.000190633 -0.00351124 -0.0028677 -0.00522693 0.00111996 -0.00277475 -0.00123712 0.00433238 0.00269345 -0.00490868 -0.00150601 -0.000965702 -0.00045723 -0.00174004 0.00422911 0.00108062 0.00258301
internal_weight=1.70572e+06 1.68853e+06 17190 1.5316e+06 1.11075e+06 420851 156924 1.08766e+06 405964 135741 7613 831415 402764 256242 85922 63583 22339 21183 9577 49819 23094 10522 14887 46794 6599 10661 5883 5684 4778 9984
internal_count=1705716 1688526 17190 1531602 1110751 420851 156924 1087657 405964 135741 7613 831415 402764 256242 85922 63583 22339 21183 9577 49819 23094 10522 14887 46794 6599 10661 5883 5684 4778 9984
is_linear=0
shrinkage=0.03


Tree=15
num_leaves=28
num_cat=0
split_feature=4 2 23 9 16 13 18 19 9 2 8 15 16 18 18 0 0 15 7 13 22 17 18 7 17 8 8
split_gain=1420.6 1189.32 546.792 406.265 377.835 373.403 259.737 247.828 213.505 209.767 164.973 157.646 134.568 119.64 118.605 84.255 68.0277 65.5058 58.2678 56.6486 49.3291 44.784 37.5482 34.3607 15.7113 12.9693 8.98886
threshold=1.0000000180025095e-35 -0.0077923967037349931 -1.9502196311950681 -0.54268535971641529 -0.26814237236976618 -12.979273796081541 -0.10077995806932448 -0.0032354212598875161 -0.7458783984184264 -0.017048917710781094 -3.0967004299163814 -0.02272701263427734 -0.070017799735069261 -0.11756678298115729 -0.08207343146204947 -0.081233561038970933 -0.015213906764984129 -0.010120570659637449 -0.044045586138963692 -12.014022827148436 -8.4999999999999982 -0.36982093751430506 -0.26053141057491297 -0.029245644807815548 0.32930262386798864 -1.5106859803199766 -2.060709953308105
decision_type=8 8 10 10 8 10 10 8 10 10 10 10 8 10 10 10 10 10 10 10 2 10 8 8 10 10 10
left_child=1 2 9 7 20 12 -7 10 18 16 23 15 -6 -12 -13 -10 26 24 -4 -19 -5 -22 -20 -3 -11 -18 -1
right_child=-2 3 8 4 5 6 -8 -9 11 17 13 14 -14 -15 -16 -17 25 19 22 -21 21 -23 -24 -25 -26 -27 -28
leaf_value=-0.01148831520814044 -0.022561385400292677 -0.0055965613759418453 -0.0080026774900499482 -0.00010765868811744961 0.00027492643161954017 0.00051313024101792056 0.0025469670868414362 -0.009177368858001491 -0.0054937906315331488 -0.0062442237976039613 -0.0005816146620737637 -0.00090692047650194399 -0.0026536287846718369 0.0016829489702018118 0.0014411875886494196 -0.00098967800112181609 -0.005496933901671509 -0.0032837363804929113 -0.0047895526640172612 0 0.0064116742616399771 0.003346504064988657 -0.001105288424512499 -0.001247581730696301 -0.0022709306769207543 -0.001622985121241203 -0.0068294964345899977
leaf_weight=4080 2013 6306 3377 2137 20377 1011317 59511 2525 8912 7941 291057 111724 43638 22089 22850 6945 2663 23311 6036 5764 7996 16100 5051 2871 2179 2168 5242
leaf_count=4080 2013 6306 3377 2137 20377 1011317 59511 2525 8912 7941 291057 111724 43638 22089 22850 6945 2663 23311 6036 5764 7996 16100 5051 2871 2179 2168 5242
internal_value=-2.1993e-05 1.10648e-05 -0.00205409 0.000315173 0.000577659 0.000494083 0.000627576 -0.000621535 -0.00119029 -0.00468262 -0.000539471 -0.000844772 -0.00172187 -0.00041849 -0.000502143 -0.00362999 -0.00781058 -0.00346143 -0.0046155 -0.00263771 0.0041051 0.00448551 -0.0032571 -0.00440176 -0.00556415 -0.00412998 -0.00938011
internal_weight=1.70618e+06 1.70417e+06 218243 1.48592e+06 1.16108e+06 1.13484e+06 1.07083e+06 324848 164895 53348 322323 150431 64015 313146 134574 15857 14153 39195 14464 29075 26233 24096 11087 9177 10120 4831 9322
internal_count=1706180 1704167 218243 1485924 1161076 1134843 1070828 324848 164895 53348 322323 150431 64015 313146 134574 15857 14153 39195 14464 29075 26233 24096 11087 9177 10120 4831 9322
is_linear=0
shrinkage=0.03


Tree=16
num_leaves=31
num_cat=0
split_feature=0 2 1 9 16 23 13 19 18 13 0 18 13 20 18 2 16 18 16 23 16 24 9 9 0 13 5 17 27 5
split_gain=1351.06 926.087 709.095 381.366 335.643 332.484 299.85 286.778 223.146 169.037 168.704 142.766 151.622 131.488 150.918 100.223 98.796 95.3131 82.8735 81.3556 71.977 70.4925 65.1099 60.6054 54.6992 46.1261 57.7913 41.4312 32.3941 19.5847
threshold=-0.26674902439117426 -0.0083002704195678217 -0.40720117092132563 -0.51465147733688343 -0.22658324986696241 -1.9502196311950681 -12.979273796081541 -0.0032354212598875161 -0.17159824073314664 -11.623846530914305 -0.10523045063018797 -0.11440601944923399 -11.911229133605955 0.21142432093620303 -0.10077995806932448 -0.014779508113861082 -0.13218434900045392 -0.077903840690851198 -0.29940402507781977 -2.0267635583877559 -0.070017799735069261 -5.4999999999999991 -0.64391535520553578 -0.70969113707542408 -0.0024182200431823726 -12.025571346282957 -0.05777399614453315 0.31345014274120336 0.072349701076746001 0.30526216328144079
decision_type=10 10 10 10 8 10 10 10 10 8 10 10 10 10 8 10 10 10 10 10 10 2 10 10 10 10 10 10 10 8
left_child=2 5 9 7 18 15 16 11 -8 -1 17 12 -3 14 -12 24 -6 20 29 -13 -7 -19 -15 -4 27 26 -17 -2 -20 -5
right_child=1 3 23 4 6 10 8 -9 -10 -11 13 19 -14 22 -16 25 -18 21 28 -21 -22 -23 -24 -25 -26 -27 -28 -29 -30 -31
leaf_value=-0.010333620521141415 -0.008672063989417193 -0.0015027500572411946 -0.005740087669412113 0.0030374592340970245 0.0014695796893050689 0.00042938704308820958 0.00042504209524376349 -0.0093544255817290863 0.0016703663664083992 -0.022257054758929903 -0.0016793993561616805 -0.0022316727027869537 -0.0001610653401106115 -0.0026221502139699743 0.0012207899618782126 -0.0040789797652201051 -0.0020259686567734641 -0.0040289818721371993 0.00080413702552623826 0.0023051821494857187 -0.0046974084536988764 0.001484121436839981 0.0024200163764077805 -0.00049546756269192417 -0.0031585129079035384 -0.00045977729395972139 1.7576703721410916e-05 -0.0041036042737870896 0.0027853114991966289 0.0059295545086591305
leaf_weight=6112 7001 108052 2528 6114 7968 2591 841650 2754 153036 2013 74178 3691 253854 2214 20089 19674 52371 2603 12189 23833 19986 5834 15572 6501 6635 6223 3485 4872 23717 8585
leaf_count=6112 7001 108052 2528 6114 7968 2591 841650 2754 153036 2013 74178 3691 253854 2214 20089 19674 52371 2603 12189 23833 19986 5834 15572 6501 6635 6223 3485 4872 23717 8585
internal_value=-1.41779e-05 7.19329e-05 -0.00827051 0.000323137 0.000608297 -0.00189258 0.000492684 -0.000479761 0.000617684 -0.0144415 -0.00115769 -0.000404316 -0.000563992 -0.000605949 -0.001055 -0.00404712 -0.00155115 -0.00310038 0.00298435 0.00165712 -0.00409949 -0.000313473 0.00172143 -0.00221951 -0.00579912 -0.00285491 -0.0034625 -0.00706326 0.00214128 0.00488583
internal_weight=1.70592e+06 1.68877e+06 17154 1.49781e+06 1.10563e+06 190957 1.05502e+06 392184 994686 8125 143067 389430 361906 112053 94267 47890 60339 31014 50605 27524 22577 8437 17786 9029 18508 29382 23159 11873 35906 14699
internal_count=1705925 1688771 17154 1497814 1105630 190957 1055025 392184 994686 8125 143067 389430 361906 112053 94267 47890 60339 31014 50605 27524 22577 8437 17786 9029 18508 29382 23159 11873 35906 14699
is_linear=0
shrinkage=0.03


Tree=17
num_leaves=31
num_cat=0
split_feature=0 13 9 23 16 16 8 14 18 12 17 24 17 0 16 18 8 5 2 2 24 2 2 14 15 2 27 8 23 24
split_gain=1298.79 971.43 540.28 497.202 302.362 266.774 261.593 205.023 195.675 223.348 173.768 150.379 190.599 147.063 139.528 111.311 86.4252 71.0298 65.8594 63.7782 57.2922 56.0832 55.2319 53.6609 50.9122 47.9337 36.7426 29.6905 29.3214 25.7516
threshold=-0.26674902439117426 -12.870800971984862 -0.51465147733688343 -0.55212220549583424 -0.28217040002346033 -0.1303976699709892 -2.8737926483154292 -3.0880835056304927 -0.23318658024072644 -12.668993949890135 -0.35268484055995936 -4.4999999999999991 0.31345014274120336 0.034277379512786872 0.085662871599197402 -0.089529450982809053 -1.6534969210624693 -1.8088049888610838 -0.0094865532591938955 0.0071211112663149842 -4.4999999999999991 -0.010734138078987597 -0.0055083855986595145 -2.7577922344207759 -0.010828495025634764 0.0018616155139170589 0.07592471688985826 -0.83180075883865345 -1.2943465709686277 -19.499999999999996
decision_type=10 10 10 8 10 8 10 10 10 10 10 2 10 10 8 10 10 10 10 10 2 10 10 8 10 10 10 10 10 2
left_child=3 5 6 14 26 25 20 15 9 -8 -9 13 21 16 17 -6 -7 -1 -10 -15 -3 -13 -14 -16 -22 28 -4 -28 29 -2
right_child=1 2 4 -5 7 11 8 10 18 -11 -12 12 22 19 23 -17 -18 -19 -20 -21 24 -23 -24 -25 -26 -27 27 -29 -30 -31
leaf_value=-0.0043893567508981983 0.00011737044748177727 -0.0076971870424385226 0.001092282000072872 -0.02074334554885952 -0.00035276964533009205 -0.0073163688818789797 -0.00073845629143495079 0.0026061523216218139 -0.0014330118222985687 -0.0084336912833708599 0.00072673743685172448 -0.0045137392824786023 0.004107851384188249 -0.0021084130752220638 -0.004876415422655803 0.0017135261653006082 -0.0038001036336915142 0.0015026275489307247 0.00089034258834291878 0.0028876481984902802 -0.0062091776039072304 -0.0016645262255654788 -0.00081875790489111986 -0.011448294811244821 -0.0020685429726924084 0.0020773535280403529 0.0071244111338442384 0.0037160853563330929 0.0010725778908960621 -0.0040896990341844023
leaf_weight=5778 2047 2856 3000 2003 227639 8275 285008 46662 11775 2950 792767 7474 5905 26949 3633 25632 42736 2220 100726 2030 3349 39938 2663 3596 13919 12886 5076 9911 3725 2484
leaf_count=5778 2047 2856 3000 2003 227639 8275 285008 46662 11775 2950 792767 7474 5905 26949 3633 25632 42736 2220 100726 2030 3349 39938 2663 3596 13919 12886 5076 9911 3725 2484
internal_value=9.69185e-06 9.46612e-05 0.000325564 -0.00806747 0.000672382 -0.00214779 -0.000589321 0.000607396 -0.000418237 -0.000832812 0.000833056 -0.00263466 -0.00141433 -0.00347087 -0.00577451 -0.000139506 -0.00444182 -0.00272643 0.000639247 -0.00170522 -0.0038866 -0.00216235 0.00258282 -0.00871347 -0.0030406 0.000958062 0.00448082 0.00508258 -0.000773536 -0.00230664
internal_weight=1.70561e+06 1.68838e+06 1.53127e+06 17230 1.11069e+06 157112 420583 1.0927e+06 400459 287958 839429 135970 55980 79990 15227 253271 51011 7998 112501 28979 20124 47412 8568 7229 17268 21142 17987 14987 8256 4531
internal_count=1705612 1688382 1531270 17230 1110687 157112 420583 1092700 400459 287958 839429 135970 55980 79990 15227 253271 51011 7998 112501 28979 20124 47412 8568 7229 17268 21142 17987 14987 8256 4531
is_linear=0
shrinkage=0.03


Tree=18
num_leaves=28
num_cat=0
split_feature=4 2 9 12 0 16 9 20 23 1 16 24 18 2 9 18 27 5 14 5 24 12 24 10 2 12 24
split_gain=1262.01 1048.62 419.178 415.562 304.124 302.229 235.955 197.212 191.093 145.172 131.535 165.75 126.816 129.439 78.0533 79.4984 72.5772 58.6694 70.492 57.3999 42.4795 33.297 25.4762 23.3241 16.0683 15.0775 8.09258
threshold=1.0000000180025095e-35 -0.010734138078987597 -0.54268535971641529 -16.405456542968746 -0.13697075843811032 -0.29940402507781977 -1.2479828000068662 -0.031330883502960198 -1.7213407754898069 -0.46341681480407709 -0.15688096731901166 -3.4999999999999996 -0.27485078573226923 0.0087892366573214548 -0.5398045778274535 -0.48684622347354883 0.02508775889873505 0.12475526705384256 -3.0147993564605708 0.27968934178352362 -4.4999999999999991 -14.997572422027586 -16.499999999999996 -0.016375523991882798 -0.025263412855565544 -16.543988227844235 -2.4999999999999996
decision_type=8 10 10 8 10 8 10 10 10 10 8 2 10 10 8 10 10 10 10 10 2 10 2 10 10 10 2
left_child=1 4 6 10 9 23 26 -7 17 24 25 -12 13 -8 21 -16 -14 20 -19 22 -6 -10 -11 -5 -1 -4 -3
right_child=-2 2 3 5 8 7 12 -9 14 19 11 -13 16 -15 15 -17 -18 18 -20 -21 -22 -23 -24 -25 -26 -27 -28
leaf_value=-0.01213009003293344 -0.021247441926768244 -0.0085353246698186176 0.0026842704698404759 0.0036034561073399057 -0.0050325803092056021 0.0012341815562796538 -0.0012070857778701759 0.00035619760335450003 -0.0039298189805644394 -0.00095308798931066185 -0.0025330796096083149 -0.00039318650841309706 0.0016002253598788767 0.0018749358059081062 0.002273225724093224 -0.00081197140886585392 -0.00018255722727094297 -0.0043217207590245769 0.0019964679385634037 0.00054659961237547286 -0.0026244631471635739 -0.00051978990694026041 -0.0049897598558440743 0.0067030689293035477 -0.0065835578048285956 5.6298177737119905e-05 -0.0040821402338151397
leaf_weight=2440 2014 2355 8260 10209 17698 338320 203436 725499 8133 2081 54445 81583 24745 12538 8847 37615 109332 2158 3425 2086 14948 4228 13190 5042 4922 2866 3024
leaf_count=2440 2014 2355 8260 10209 17698 338320 203436 725499 8133 2081 54445 81583 24745 12538 8847 37615 109332 2158 3425 2086 14948 4228 13190 5042 4922 2866 3024
internal_value=-7.5437e-06 2.36202e-05 0.000230649 0.000493715 -0.00265292 0.000697873 -0.000675497 0.000636148 -0.00187347 -0.0056035 -0.00099862 -0.00125801 -0.000573599 -0.00102286 -0.000781891 -0.000200171 0.000148964 -0.00351356 -0.000550879 -0.00388398 -0.00399522 -0.00285232 -0.00450636 0.00482749 -0.00911454 0.00206466 -0.00664293
internal_weight=1.70544e+06 1.70342e+06 1.58165e+06 1.22622e+06 121771 1.07907e+06 355430 1.06382e+06 97052 24719 147154 136028 350051 215974 58823 46462 134077 38229 5583 17357 32646 12361 15271 15251 7362 11126 5379
internal_count=1705439 1703425 1581654 1226224 121771 1079070 355430 1063819 97052 24719 147154 136028 350051 215974 58823 46462 134077 38229 5583 17357 32646 12361 15271 15251 7362 11126 5379
is_linear=0
shrinkage=0.03


Tree=19
num_leaves=31
num_cat=0
split_feature=21 13 3 9 8 27 7 16 16 17 0 24 13 0 19 20 2 17 5 8 17 24 17 1 19 2 19 9 0 16
split_gain=1211.15 1003.07 517.406 461.104 400.065 320.26 296.094 281.213 278.191 252.387 223.344 207.611 172.365 124.049 118.484 103.252 80.8796 80.4235 73.9559 73.2588 71.0005 59.7631 59.2399 66.3623 55.3847 43.0674 42.9205 39.0617 29.663 19.1193
threshold=-1.0000000180025095e-35 -12.513070583343504 -0.013644513208419083 -0.70188963413238514 -1.5762252211570738 0.09314396977424623 -0.031621364876627915 -0.043853726238012307 -0.14149632304906842 -0.35268484055995936 -0.13697075843811032 -3.4999999999999996 -13.073032855987547 0.0092022716999053972 -0.074668239802122102 -1.2800117731094358 -0.0025787800550460811 0.31345014274120336 -0.48006792366504664 -3.0967004299163814 0.10826729983091356 -3.4999999999999996 -0.088033024221658693 -0.11634176969528197 -0.10939575731754302 0.001697002328000963 -0.4766580462455749 -0.95274138450622547 -0.044079661369323724 0.10783331841230394
decision_type=2 8 10 10 10 8 8 10 8 8 10 2 10 10 8 10 10 10 10 10 10 2 10 8 10 10 10 10 10 8
left_child=1 4 -2 10 11 6 13 -8 24 18 21 16 15 -5 -11 -10 19 28 -7 -1 -14 29 23 -12 25 -6 -24 -23 -13 -3
right_child=2 3 -4 5 8 9 7 -9 12 14 22 17 20 -15 -16 -17 -18 -19 -20 -21 -22 27 26 -25 -26 -27 -28 -29 -30 -31
leaf_value=-0.01096904796866671 -0.023376692123728521 -0.0039150711681833492 -0.0027238195123143387 -0.0016123052552491314 0.00029415843309060069 0.0062968233791011446 2.2307531082795893e-05 0.0010293948133181761 -0.0052777872510200319 0.0015722973312857925 -0.0042823551536420364 -0.0036093608806522979 -0.0013649599081187636 0.00014684577101388844 -0.0017331076012349115 -0.0021171448687234353 -0.0014965853678875743 0.0032218452901257568 0.002728758432427847 -0.0054901926137063363 0.0001260376382103116 -0.0051731536495600106 -0.0016128390959009651 -0.0011660996820957576 -0.0020926698380362091 0.0025984975367863614 0.00042866688251157892 -0.00088541486301053744 -0.0010957668688489684 -0.010112712473437608
leaf_weight=2974 2308 2000 2089 87052 12081 12193 480157 520518 10874 110157 6610 8750 71554 60733 10210 69621 4067 2162 11892 20919 47116 4016 12095 59745 3266 19887 34386 4095 9798 2254
leaf_count=2974 2308 2000 2089 87052 12081 12193 480157 520518 10874 110157 6610 8750 71554 60733 10210 69621 4067 2162 11892 20919 47116 4016 12095 59745 3266 19887 34386 4095 9798 2254
internal_value=-7.5257e-06 3.51736e-05 -0.0149058 0.000360933 -0.00159351 0.000529569 0.000361359 0.000546713 -0.00107297 0.00185899 -0.00137331 -0.00405796 -0.0015082 -0.000889293 0.00128343 -0.00257776 -0.00573211 -0.00170176 0.00463862 -0.00639531 -0.000772421 -0.00512775 -0.000938435 -0.00151072 0.00136552 0.00175485 -0.000107687 -0.00322035 -0.00236092 -0.00798025
internal_weight=1.70558e+06 1.70118e+06 4397 1.41811e+06 283069 1.29291e+06 1.14846e+06 1.00068e+06 234399 144452 125201 48670 199165 147785 120367 80495 27960 20710 24085 23893 118670 12365 112836 66355 35234 31968 46481 8111 18548 4254
internal_count=1705579 1701182 4397 1418113 283069 1292912 1148460 1000675 234399 144452 125201 48670 199165 147785 120367 80495 27960 20710 24085 23893 118670 12365 112836 66355 35234 31968 46481 8111 18548 4254
is_linear=0
shrinkage=0.03


Tree=20
num_leaves=30
num_cat=0
split_feature=21 13 8 8 2 17 19 16 6 9 24 13 27 2 18 18 15 20 20 14 19 4 8 18 2 16 23 24 27
split_gain=1082.66 996.049 441.673 439.385 432.714 273.268 353.328 272.752 231.584 205.012 199.106 167.722 132.024 105.519 101.166 85.502 77.8676 72.115 62.127 59.676 56.0966 43.7911 43.4969 41.6665 40.6597 34.4773 31.9279 27.6513 0.312786
threshold=-1.0000000180025095e-35 -12.513070583343504 -2.060709953308105 -1.6534969210624693 0.0011159777641296389 -0.37630504369735712 -0.052715584635734551 -0.14350491762161252 -1.4999999999999998 -0.40615528821945185 -3.4999999999999996 -13.106342792510985 0.086347457021474852 -0.017048917710781094 -0.59016326069831837 -0.1111960895359516 -0.021534264087676998 0.38250395655632025 -1.2800117731094358 -3.0265039205551143 -0.10939575731754302 -0.055148093029856675 -2.7092440128326412 -0.10077995806932448 0.001697002328000963 0.085662871599197402 -1.6524960398674009 -3.4999999999999996 0.078218415379524245
decision_type=2 10 10 10 10 8 8 8 2 10 2 10 10 10 10 10 10 8 10 10 10 10 10 10 10 8 10 2 10
left_child=1 3 8 10 -2 12 9 20 25 -7 13 18 19 -1 -8 -13 -10 -14 -9 -4 24 -18 -12 -24 -5 28 -15 -27 -3
right_child=4 2 5 7 -6 6 14 11 16 -11 22 15 17 26 -16 -17 21 -19 -20 -21 -22 -23 23 -25 -26 27 -28 -29 -30
leaf_value=-0.009313156026801675 -0.022067215005336253 -0.0043813055530351796 -0.00070157417441115897 0.00031471157400837638 -0.0031153081133314395 0.00016229730184081972 -0.0055627528106773011 -0.0047110621721402164 -0.0051480199350765728 0.00096357804223601989 -0.0045910768880940422 -0.0011642963396224107 0.0019332897193551797 -0.0055376625447697307 -0.00089486789835319439 0.00091675008186019584 -0.0014480261560611139 0.0056162976715506 -0.0022128534825992495 0.0019892310821705583 -0.002135990501042657 0.00044059549646788927 -0.0020517750970903219 0.0013471283310013205 0.0025664775908385961 -0.0096850626388721543 -0.0023502216056168319 -0.0036047114935586285 -0.0020968368634022199
leaf_weight=7016 2244 2675 9406 11987 2178 591527 3869 10857 3747 560817 3784 106227 8868 11841 134876 20766 35824 13538 67895 29208 3257 15298 10189 4146 19681 3206 5670 2160 2591
leaf_count=7016 2244 2675 9406 11987 2178 591527 3869 10857 3747 560817 3784 106227 8868 11841 134876 20766 35824 13538 67895 29208 3257 15298 10189 4146 19681 3206 5670 2160 2591
internal_value=-8.47652e-06 3.19941e-05 0.000356837 -0.00159011 -0.0140584 0.000473831 0.000380314 -0.00108603 -0.00203898 0.00055277 -0.00438232 -0.00150267 0.00242846 -0.00613093 -0.0010467 -0.000819388 -0.00121912 0.00424573 -0.0025886 0.00132552 0.00134648 -0.000878261 -0.00189811 -0.00103624 0.0017416 -0.00599832 -0.00461613 -0.00780453 -0.00358862
internal_weight=1.70535e+06 1.70093e+06 1.41761e+06 283316 4422 1.35211e+06 1.29109e+06 240670 65501 1.15234e+06 42646 205745 61020 24527 138745 126993 54869 22406 78752 38614 34925 51122 18119 14335 31668 10632 17511 5366 5266
internal_count=1705348 1700926 1417610 283316 4422 1352109 1291089 240670 65501 1152344 42646 205745 61020 24527 138745 126993 54869 22406 78752 38614 34925 51122 18119 14335 31668 10632 17511 5366 5266
is_linear=0
shrinkage=0.03


Tree=21
num_leaves=30
num_cat=0
split_feature=12 21 2 17 8 19 13 20 13 27 0 18 0 8 27 4 20 3 18 13 22 19 1 1 0 22 8 7 15
split_gain=1110.68 1072.05 825.664 339.851 322.075 299.584 344.876 242.189 207.893 181.894 163.426 154.777 151.456 131.442 155.179 90.8719 80.8433 76.1326 75.9409 74.6189 71.7714 70.6523 49.5372 27.2923 24.8674 17.2279 17.1429 14.4102 3.60738
threshold=-12.668993949890135 -0.25000000745058054 -0.0083002704195678217 -0.35268484055995936 -3.0967004299163814 -0.052715584635734551 -11.99103784561157 -0.020353615283966061 -12.302822589874266 0.087450258433818831 0.056827366352081306 -0.59016326069831837 -0.06764966249465941 -1.5762252211570738 0.094328347593545928 -0.074864741414785371 0.38993957638740545 -0.0013632833724841473 -0.12975736707448957 -11.291186809539793 -4.4999999999999991 -0.82635912299156178 -0.024045288562774655 0.042447894811630256 -0.043116271495819085 -11.499999999999998 -0.8278113305568694 -0.067954134196043001 0.00049567222595214855
decision_type=8 2 10 8 10 8 10 10 10 10 10 10 8 10 10 10 8 10 10 10 2 10 10 10 10 2 10 10 10
left_child=2 27 4 9 21 6 10 -8 13 20 -5 -7 15 18 -15 -10 23 -14 -6 -13 25 -1 -22 -11 28 -4 -18 -2 -23
right_child=1 -3 3 5 8 11 7 -9 12 16 -12 19 17 14 -16 -17 26 -19 -20 -21 22 24 -24 -25 -26 -27 -28 -29 -30
leaf_value=-0.011624203894396147 0.00046614486484670097 -0.023919986125320765 -0.0029170191210848451 -0.0007840835413444546 -0.0052625072086133432 -0.0074866787794532173 0.0013322334901409829 0.00028077236971978917 -0.0032782649555799692 -0.000787029953913389 0.00065868428691954247 -0.0023334844257883319 -0.00017347574427117082 -0.0027298569351870295 0.00013486308186258741 0.00015538481281291189 0.0063296333648711527 0.0022464799898929406 -0.0020401848964559073 -0.00061625449841618755 0.0044031503821293522 -0.0070173245056104451 0.0012563837219096608 0.0026778890849557943 -0.0014391133387578801 -0.00020410925604222473 0.0035117402875514915 -0.0026590124400768167 -0.0033147378768885721
leaf_weight=2175 2087 2918 2091 296365 18418 2946 294910 596999 19261 2017 92093 29476 37735 45313 26696 10372 9770 16296 12167 101207 4950 3443 36235 13536 2056 13551 6338 2219 2384
leaf_count=2175 2087 2918 2091 296365 18418 2946 294910 596999 19261 2017 92093 29476 37735 45313 26696 10372 9770 16296 12167 101207 4950 3443 36235 13536 2056 13551 6338 2219 2384
internal_value=-1.44208e-05 -0.0113649 3.69994e-05 0.000276425 -0.00178995 0.000162965 0.000304355 0.000629326 -0.00149438 0.00207499 -0.000440864 -0.00118561 -0.000376567 -0.00239679 -0.00167007 -0.00208384 0.00388435 0.000564799 -0.00404372 -0.00101329 0.00103659 -0.00690492 0.00169007 0.00219933 -0.00495138 -0.000664474 0.00537805 -0.001191 -0.00593157
internal_weight=1.70602e+06 7224 1.6988e+06 1.50248e+06 196316 1.414e+06 1.28037e+06 891909 186258 88488 388458 133629 83664 102594 72009 29633 31661 54031 30585 130683 56827 10058 41185 15553 7883 15642 16108 4306 5827
internal_count=1706024 7224 1698800 1502484 196316 1413996 1280367 891909 186258 88488 388458 133629 83664 102594 72009 29633 31661 54031 30585 130683 56827 10058 41185 15553 7883 15642 16108 4306 5827
is_linear=0
shrinkage=0.03


Tree=22
num_leaves=31
num_cat=0
split_feature=0 13 1 9 26 16 18 13 17 11 18 16 0 0 11 0 7 17 1 18 8 9 17 9 18 17 23 8 23 16
split_gain=1016.77 706.682 649.372 338.496 262.596 259.828 259.43 270.358 168.948 161.557 175.435 158.146 151.177 148.538 147.681 108.185 91.3991 86.8605 86.513 85.3735 85.3662 79.0835 69.3383 65.1334 58.9436 56.2648 55.8264 54.7571 47.1745 46.6321
threshold=-0.17898744344711301 -12.496914386749266 -0.56995189189910878 -0.70188963413238514 1.0000000180025095e-35 -0.14149632304906842 -0.17614971101284024 -11.634150028228758 -0.35268484055995936 -0.020018757320940491 -0.10077995806932448 0.062533479183912291 0.0046139359474182138 0.15940463542938235 -0.0064068948850035659 0.029393672943115238 -0.02729854546487331 0.29802101850509649 -0.24134421348571775 -0.13272676616907117 -2.4653966426849361 -0.36721950769424433 0.42172574996948248 -0.68066883087158192 -0.46036519110202784 0.092477630823850646 -1.6524960398674009 -0.95987001061439503 -1.5105379223823545 -0.18899485468864438
decision_type=10 10 10 8 2 10 10 8 10 10 10 10 10 10 8 10 10 10 10 10 10 10 10 10 10 8 10 10 10 10
left_child=2 5 14 13 6 26 7 -5 27 12 15 23 24 19 25 -11 -8 18 -13 20 -3 -10 -12 -4 -7 -1 -2 -6 -19 -28
right_child=1 3 11 4 8 9 16 -9 21 10 22 17 -14 -15 -16 -17 -18 28 -20 -21 -22 -23 -24 -25 -26 -27 29 -29 -30 -31
leaf_value=-0.0030864255125333234 -0.0012457915528377179 -0.0031382127797760706 -0.0039497393217873093 -0.00065112994740993357 0.0059427347800070068 -6.487745054160093e-05 0.00023997850558680811 0.00047311669174634276 0.00062565049520886323 -0.0022855700447271718 -0.00025401051331248669 -0.0087848567909195995 -0.0014917267497798529 -0.0079368171925698026 -0.019112021230779923 -0.00069940120222217986 0.0017430554649047849 -0.0036387384590163135 -0.0027807566048682537 0.0014403338469915177 -0.00085887064597243014 0.0023007495701231448 0.0026773915829856458 0.0012435542025135723 -0.00563280061588363 -0.01039461486362349 0.0026104478567706324 0.0027051203948448674 0.0012518664696167549 0.00014590736063679365
leaf_weight=2036 7084 17749 2299 267201 9058 2009 49566 684099 68067 100827 20143 5156 21493 2371 2028 64642 143948 3384 4891 11171 86530 41174 10658 9197 18947 4387 17261 13732 2792 11851
leaf_count=2036 7084 17749 2299 267201 9058 2009 49566 684099 68067 100827 20143 5156 21493 2371 2028 64642 143948 3384 4891 11171 86530 41174 10658 9197 18947 4387 17261 13732 2792 11851
internal_value=-1.68031e-05 9.15267e-05 -0.00495848 0.000365813 0.000508056 -0.001297 0.000361196 0.000156847 0.00177302 -0.00165635 -0.00128485 -0.00262187 -0.00333212 -0.0011688 -0.0120144 -0.0016717 0.00136122 -0.00448424 -0.00616082 -0.000993589 -0.00126282 0.00126735 0.000777317 5.86383e-05 -0.00512695 -0.00851158 0.00105511 0.00410476 -0.00145472 0.00163671
internal_weight=1.70575e+06 1.66958e+06 36170 1.39467e+06 1.27684e+06 274915 1.14481e+06 951300 132031 238719 196270 27719 42449 117821 8451 165469 193514 16223 10047 115450 104279 109241 30801 11496 20956 6423 36196 22790 6176 29112
internal_count=1705751 1669581 36170 1394666 1276845 274915 1144814 951300 132031 238719 196270 27719 42449 117821 8451 165469 193514 16223 10047 115450 104279 109241 30801 11496 20956 6423 36196 22790 6176 29112
is_linear=0
shrinkage=0.03


Tree=23
num_leaves=27
num_cat=0
split_feature=25 8 13 1 9 19 27 2 16 14 20 7 16 16 24 15 0 0 0 15 1 14 0 14 0 8
split_gain=994.375 825.823 651.316 368.613 292.068 319.93 228.858 178.452 171.399 157.193 125.147 121.104 80.8621 79.0531 64.9228 64.3678 55.3208 48.7887 45.9096 40.4923 39.4274 34.7254 31.4811 17.6683 5.52346 1.2719
threshold=-1.0000000180025095e-35 -2.060709953308105 -12.979273796081541 -0.36397081613540644 -0.40348005294799799 -1.0000000180025095e-35 0.09314396977424623 0.0076374590862542399 -0.19670238345861432 -3.1000922918319698 -1.6173052787780759 -0.034397525712847703 -0.29940402507781977 -0.1303976699709892 -3.4999999999999996 -0.013511359691619871 -0.071074545383453355 0.0050443112850189218 0.06362739205360414 -0.016821265220642086 -0.17097783088684079 -1.8123784661293028 0.0082696974277496355 -2.7939220666885372 -0.077081263065338121 -2.8737926483154292
decision_type=8 10 8 10 10 8 10 10 10 10 10 8 8 10 2 8 10 8 10 10 10 10 10 10 10 10
left_child=1 3 7 14 5 8 9 10 -4 -6 18 17 -8 -12 16 24 25 19 -3 -5 -19 -17 -9 -24 -13 -1
right_child=-2 2 4 11 6 -7 12 22 -10 -11 13 15 -14 -15 -16 21 -18 20 -20 -21 -22 -23 23 -25 -26 -27
leaf_value=-0.013620502474371583 -0.01865579684114297 -0.0065006497146709169 0.0019554471699527293 -0.0071333929797091754 -0.00028520786516306185 -0.010059793921974515 0.0049732768240529947 -0.00077516139221873569 -0.00012647821101852811 0.00083177097101381668 0.00045853583996607265 -0.0047492670329909266 0.0018694957030298005 -0.0021904656082320285 -0.0034141720034330334 -0.001087214344576262 -0.004276864058547116 0.00090305063746451636 -0.0013635535377406799 -0.0034381494685460996 -0.0027854786474105706 0.00086907106602691138 0.0043220747667391023 0.00092809528147618533 -0.0017177247632400019 -0.0069683798570472485
leaf_weight=2570 2070 7638 36922 3792 146703 2370 8268 2272 724890 490470 10992 3430 82982 93031 3223 28332 2491 3406 2525 18235 7569 10803 3758 2941 2037 2445
leaf_count=2570 2070 7638 36922 3792 146703 2370 8268 2272 724890 490470 10992 3430 82982 93031 3223 28332 2491 3406 2525 18235 7569 10803 3758 2941 2037 2445
internal_value=-8.94772e-06 1.89926e-05 0.000173944 -0.00279699 0.000347347 -6.204e-05 0.00077699 -0.00191809 -2.39656e-05 0.000574105 -0.00224033 -0.00204119 0.00217956 -0.00190682 -0.00790274 -0.000994323 -0.00945902 -0.00341111 -0.00537626 -0.00423182 -0.00162516 -0.000535473 0.00205345 0.00304167 -0.00390858 -0.0113575
internal_weight=1.70616e+06 1.7041e+06 1.61576e+06 88333 1.4926e+06 764182 728423 123157 761812 637173 114186 77604 91250 104023 10729 44602 7506 33002 10163 22027 10975 39135 8971 6699 5467 5015
internal_count=1706165 1704095 1615762 88333 1492605 764182 728423 123157 761812 637173 114186 77604 91250 104023 10729 44602 7506 33002 10163 22027 10975 39135 8971 6699 5467 5015
is_linear=0
shrinkage=0.03


Tree=24
num_leaves=31
num_cat=0
split_feature=21 4 12 16 1 13 19 16 0 17 22 17 16 0 12 17 16 19 10 16 24 7 13 23 5 14 24 0 25 14
split_gain=1001.75 796.112 585.398 421.06 322.018 252.089 245.947 200.449 172.036 164.412 150.779 150.258 121.729 103.898 103.385 129.867 97.7675 94.0777 59.1005 56.1471 53.5906 48.0709 43.5882 42.611 40.7938 40.5736 35.1728 33.9162 25.189 23.9065
threshold=-1.0000000180025095e-35 -0.094242721796035753 -14.104099273681639 -0.15930104255676267 -0.46341681480407709 -12.002213954925535 -0.036504346877336495 -0.16976103931665418 -0.10523045063018797 -0.44797050952911371 -13.499999999999998 -0.074288934469223009 0.083195500075817122 0.0050443112850189218 -16.907661437988278 0.018673746846616272 -0.13400429487228391 -0.12882473319768903 -0.16914004832506177 -0.28217040002346033 -1.0000000180025095e-35 -0.04361081309616565 -12.711158275604246 -0.46760153770446772 -1.2587098479270933 -2.0912464857101436 -3.4999999999999996 0.19484496116638186 -0.53792375326156605 -2.1604452133178706
decision_type=2 10 8 8 10 10 8 8 10 8 2 10 10 10 10 10 8 10 10 10 2 10 10 10 10 10 2 8 10 10
left_child=1 3 -2 19 8 7 9 17 21 23 12 -11 -6 -12 26 -16 18 28 -8 25 -18 -5 -21 -7 -10 27 -9 -1 -3 -19
right_child=2 5 -4 4 10 6 16 14 24 11 13 -13 -14 -15 15 -17 20 29 -20 22 -22 -23 -24 -25 -26 -27 -28 -29 -30 -31
leaf_value=0.0057724423121494513 -0.0022931926814484592 0.00025240163442890608 -0.023674773125104052 -0.0091666669249427304 -0.0016430916093249971 0.005684013843816991 -0.0022584357436620786 -0.003290124577565921 -0.0036220504458161539 0.00037187433206498696 -0.0015896709346086282 0.0011533597249957386 -0.0048449090891390422 -0.0002664701912846358 -0.0010749064521763164 0.00028191561234006997 -0.0030721923588836815 0.00024960395522618796 0.00066161476653426969 -0.00094607931344053574 -0.0010263586510136688 -0.0028801025577763978 0.0016967262691861584 0.0008947773008814462 9.0765621888170655e-05 4.2048607386829811e-05 -0.0012776296508539334 0.0008267747385241964 0.0031786715326424207 -0.0029440823569544922
leaf_weight=5522 2407 3397 2021 7703 27891 7024 6908 14748 8436 581865 135108 359461 18211 89493 134233 119243 16890 5738 38547 7340 39176 2129 19093 2626 3539 2397 19823 2000 20301 2653
leaf_count=5522 2407 3397 2021 7703 27891 7024 6908 14748 8436 581865 135108 359461 18211 89493 134233 119243 16890 5738 38547 7340 39176 2129 19093 2626 3539 2397 19823 2000 20301 2653
internal_value=-1.83814e-05 2.05547e-05 -0.0135248 -0.00130386 -0.00168295 0.000338443 0.000562728 -0.000397721 -0.00515829 0.000712782 -0.00139289 0.00067107 -0.00295271 -0.00106553 -0.000649811 -0.000436136 -0.00083653 0.00183122 0.00019157 0.00171977 -0.00166968 -0.00803968 0.000947785 0.00451858 -0.00254109 0.00360403 -0.00217938 0.00462835 0.00278548 -0.000835189
internal_weight=1.70592e+06 1.7015e+06 4428 328862 292510 1.37263e+06 1.0525e+06 320136 21807 950976 270703 941326 46102 224601 288047 253476 101521 32089 45455 36352 56066 9832 26433 9650 11975 9919 34571 7522 23698 8391
internal_count=1705923 1701495 4428 328862 292510 1372633 1052497 320136 21807 950976 270703 941326 46102 224601 288047 253476 101521 32089 45455 36352 56066 9832 26433 9650 11975 9919 34571 7522 23698 8391
is_linear=0
shrinkage=0.03


Tree=25
num_leaves=31
num_cat=0
split_feature=21 2 12 13 16 23 20 20 19 12 17 15 19 27 8 1 16 16 27 3 20 17 4 24 16 13 8 17 24 8
split_gain=975.638 744.021 535.177 331.615 261.098 253.672 244.92 219.611 145.279 135.09 162.447 127.377 117.648 114.957 102.969 91.8361 87.2965 82.0671 81.7527 110.453 74.2853 72.0362 68.5519 52.131 41.9505 41.1524 40.2805 31.314 26.9664 12.3463
threshold=-1.0000000180025095e-35 -0.010454189963638781 -14.139537334442137 -11.99103784561157 -0.14149632304906842 -1.9502196311950681 -0.002885043621063232 0.36296597123146063 -0.030824038200080391 -16.953179359436032 -0.0022061684867367144 -0.024154126644134518 -0.11691857874393462 0.086347457021474852 -2.4653966426849361 -0.56995189189910878 0.008143882732838394 -0.0099081508815288526 0.099689275026321425 -0.0039415492210537187 -0.05428266525268554 -0.29328575730323786 -0.075580563396215425 -3.4999999999999996 -0.025300282053649422 -13.218870162963865 -1.8321456909179685 -0.31766404211521143 -1.4999999999999998 -1.2774761915206907
decision_type=2 10 8 10 8 10 10 10 10 10 10 10 10 10 10 10 10 10 10 10 10 10 10 2 8 10 10 10 2 10
left_child=1 5 -2 4 12 15 14 8 -8 23 -11 24 21 -9 28 26 -16 20 19 -17 -13 -3 -19 -6 -7 -20 -1 -14 -5 -26
right_child=2 3 -4 6 9 11 7 13 -10 10 -12 17 27 -15 16 18 -18 22 25 -21 -22 -23 -24 -25 29 -27 -28 -29 -30 -31
leaf_value=-0.010469112419147147 -0.0024809888001170455 0.0043886944438233742 -0.023072346574568133 -0.0043247810132636148 -0.0034967271195683915 -2.4964700694377378e-05 0.00016756027138038971 0.00097516992325494907 -0.0012823615860363925 -0.0013309101838323842 -8.2935073840688604e-06 -0.0011767085217431598 0.00015893802049601557 0.003707221667147563 0.00081471868329869928 -0.0070244813378479857 0.0018012216200159132 -0.0018305783570012749 -0.002833626657039099 -0.0026794746092932884 0.0031886818368492224 0.0013059841222458303 0.00036081705642570562 -0.0012330507944538251 -0.0060070219656258627 0.0010882322765838289 -0.0039110479931858608 -0.0026692881991247819 -0.00066567643579751345 -0.0028936735318952893
leaf_weight=2663 2383 7751 2020 2711 20617 2015 644064 45879 68328 151847 186182 5792 6308 20029 200767 8785 138582 48697 4241 15650 7442 50064 16903 18580 5584 4354 2728 6846 5259 4122
leaf_count=2663 2383 7751 2020 2711 20617 2015 644064 45879 68328 151847 186182 5792 6308 20029 200767 8785 138582 48697 4241 15650 7442 50064 16903 18580 5584 4354 2728 6846 5259 4122
internal_value=-1.52444e-05 2.30509e-05 -0.0133785 0.000203004 -0.000486422 -0.00216279 0.000477877 0.000181528 2.72705e-05 -0.000801045 -0.000604404 -0.00127882 0.00117562 0.0018316 0.00113988 -0.00419533 0.00122052 -0.000826367 -0.00348785 -0.00436318 0.001283 0.0017585 -0.00126293 -0.00246031 -0.00413911 -0.000863325 -0.00781508 -0.00133489 -0.00212757 -0.00492076
internal_weight=1.70719e+06 1.70279e+06 4403 1.57381e+06 448195 128976 1.12562e+06 778300 712392 377226 338029 90555 70969 65908 347319 38421 339349 78834 33030 24435 13234 57815 65600 39197 11721 8595 5391 13154 7970 9706
internal_count=1707193 1702790 4403 1573814 448195 128976 1125619 778300 712392 377226 338029 90555 70969 65908 347319 38421 339349 78834 33030 24435 13234 57815 65600 39197 11721 8595 5391 13154 7970 9706
is_linear=0
shrinkage=0.03


Tree=26
num_leaves=30
num_cat=0
split_feature=12 21 4 8 16 16 13 16 18 1 2 4 17 9 10 2 23 23 20 17 15 18 9 5 10 16 8 20 15
split_gain=874.121 933.058 668.322 381.786 293.829 262.935 291.052 290.617 174.475 168.835 148.801 127.708 125.475 123.516 119.733 102.647 77.5383 58.975 58.9203 57.3364 42.1898 38.0172 30.7774 26.6055 22.0265 21.6043 13.8127 9.0765 1.48004
threshold=-12.668993949890135 -0.25000000745058054 -0.099608093500137315 -2.4653966426849361 -0.1617259085178375 -0.19262676686048505 -12.002213954925535 -0.043853726238012307 -0.10430943965911864 -0.40720117092132563 -0.025263412855565544 -0.046305675059556954 -0.40009537339210505 -0.42453719675540919 -0.19903666526079175 -0.0058222487568855277 -1.9865197539329527 -1.7213407754898069 -0.031330883502960198 0.02618436794728041 -0.011066913604736326 -0.64459168910980214 -1.1158590316772459 -1.1868480443954466 -0.12457082793116568 -0.070017799735069261 -3.0967004299163814 0.38993957638740545 -0.0080434679985046369
decision_type=8 2 8 10 8 8 10 10 10 10 10 8 10 8 10 10 10 10 10 10 10 10 10 10 10 8 10 8 10
left_child=2 25 3 9 19 12 8 13 14 26 28 -9 23 -8 -7 -12 -10 -14 -19 21 -11 -5 -22 27 -25 -2 -1 -4 -6
right_child=1 -3 5 4 10 6 7 11 16 20 15 -13 17 -15 -16 -17 -18 18 -20 -21 22 -23 -24 24 -26 -27 -28 -29 -30
leaf_value=-0.011143020155326882 0.001201754551962255 -0.021908945981952328 0.0025030481822946992 0.0046141067273253109 -0.0077459129726088578 -0.0014933898412940396 -0.00067863757149785073 0.00035231848817199351 -0.0016884661889252322 -0.0057703631070244142 -0.0017728721870832749 0.0013201949831520734 -0.0030171431679044507 0.00030322223910003927 -0.00023355622738537097 -0.00049371652585043606 0.0018045068269170875 0.0032190516496507292 0.0010127755648065282 -0.0017718576486634478 -0.0047453624833851248 0.0016742812972790743 -0.0017280683324649578 0 0.003487004976112477 -0.0026259587666085699 -0.0049049549265758269 0.0061871763940154426 -0.0036731031102750895
leaf_weight=3012 2225 2879 2114 4976 2336 136662 187106 202106 6358 4956 115640 317611 2239 298429 136169 112520 34011 13659 55355 3060 4114 22274 14711 2150 6913 2041 2054 6112 2260
leaf_count=3012 2225 2879 2114 4976 2336 136662 187106 202106 6358 4956 115640 317611 2239 298429 136169 112520 34011 13659 55355 3060 4114 22274 14711 2150 6913 2041 2054 6112 2260
internal_value=-6.32209e-06 -0.0101279 3.90366e-05 -0.00126582 -0.000900409 0.000310326 0.000203431 0.000452374 -0.000594072 -0.00451581 -0.00126345 0.000945087 0.00188862 -7.48394e-05 -0.000867286 -0.00114581 0.00123311 0.00130842 0.00147376 0.00185294 -0.00330562 0.00229538 -0.00250871 0.00415893 0.00271156 -0.000649975 -0.00933553 0.00547245 -0.00635894
internal_weight=1.70605e+06 7145 1.69891e+06 291913 263066 1.40699e+06 1.31845e+06 1.00525e+06 313200 28847 232756 519717 88542 485535 272831 228160 40369 71253 69014 30310 23781 27250 18825 17289 9063 4266 5066 8226 4596
internal_count=1706052 7145 1698907 291913 263066 1406994 1318452 1005252 313200 28847 232756 519717 88542 485535 272831 228160 40369 71253 69014 30310 23781 27250 18825 17289 9063 4266 5066 8226 4596
is_linear=0
shrinkage=0.03


Tree=27
num_leaves=28
num_cat=0
split_feature=21 23 12 0 16 15 18 12 2 3 8 0 14 23 18 7 9 20 5 2 20 5 22 14 22 27 19
split_gain=893.63 667.026 490.056 353.18 346.982 384.485 355.901 369.638 187.46 116.974 112.406 78.9247 77.618 76.9965 74.5358 68.7762 56.5331 50.5341 47.6156 43.077 62.3285 31.8443 19.7746 19.6601 17.111 11.9325 11.5555
threshold=-1.0000000180025095e-35 -1.9502196311950681 -14.104099273681639 -0.12402892112731932 -0.18899485468864438 -0.033732652664184563 -0.1111960895359516 -16.376056671142575 -0.0029702797764912243 -0.0020997718675062056 -0.58828467130661 -0.098082840442657457 -1.4551198482513426 -3.1864943504333492 -0.67836749553680409 -0.03360388241708278 -0.79127854108810414 -0.11547440290451048 0.27968934178352362 -0.021633690223097798 -0.75210392475128163 -2.3966659307479854 -20.499999999999996 -2.2099212408065791 -6.4999999999999991 0.097506720572710051 -0.51561808586120594
decision_type=2 8 8 10 8 10 8 8 10 10 10 10 10 10 10 10 8 8 10 10 8 10 2 10 2 10 10
left_child=1 3 -2 19 10 11 7 -7 13 -8 14 -6 21 23 15 -3 -16 22 -15 -1 -21 -12 -10 -5 -19 -13 -22
right_child=2 4 -4 8 5 6 9 -9 17 -11 12 25 -14 18 16 -17 -18 24 -20 20 26 -23 -24 -25 -26 -27 -28
leaf_value=-0.010290325711778237 -0.0023865015148634107 0.007282769490246868 -0.022113311302059822 -0.0057668448473887947 -0.0071825613404859108 -0.001447360474241441 -0.00030173983311039483 0.00014573143197445189 -0.00049169902289501223 0.0020863233970205507 0.0017903449550642867 -0.0033000119963116979 -0.0034054596279125171 -0.0021526701489702304 -0.0021292896486368278 0.00044877367264791786 0.0022784678307002245 -0.00034665117832981544 0.00088489835916448825 -0.00045971619318607493 -0.0072608816425582656 0 0.0019903372574619962 -0.0028198952332495792 -0.0028129502128047081 -0.00048964310740375625 -0.0033882538764633766
leaf_weight=2673 2385 4640 2011 6528 6694 146874 22175 1184529 3230 100740 17590 3522 3693 53472 2278 2009 67032 16443 4667 2216 6080 17969 12953 6316 2644 2788 2797
leaf_count=2673 2385 4640 2011 6528 6694 146874 22175 1184529 3230 100740 17590 3522 3693 53472 2278 2009 67032 16443 4667 2216 6080 17969 12953 6316 2644 2788 2797
internal_value=-1.02065e-05 2.64141e-05 -0.0128087 -0.00212484 0.000190374 6.5414e-05 0.000112365 -3.0263e-05 -0.00151787 0.00165359 0.00177211 -0.00497289 0.000451269 -0.00240143 0.00244332 0.00543564 0.00211509 0.000260686 -0.00189825 -0.00657139 -0.00524422 0.000901798 0.00147707 -0.00450013 -0.000766694 -0.00222946 -0.0063184
internal_weight=1.70695e+06 1.70255e+06 4396 120019 1.58253e+06 1.46732e+06 1.45432e+06 1.3314e+06 106253 122915 115211 13004 39252 70983 75959 6649 69310 35270 58139 13766 11093 35559 16183 12844 19087 6310 8877
internal_count=1706948 1702552 4396 120019 1582533 1467322 1454318 1331403 106253 122915 115211 13004 39252 70983 75959 6649 69310 35270 58139 13766 11093 35559 16183 12844 19087 6310 8877
is_linear=0
shrinkage=0.03


end of trees

feature_importances:
Column_16=89
Column_0=73
Column_13=57
Column_2=54
Column_8=54
Column_18=49
Column_17=38
Column_9=37
Column_1=30
Column_23=29
Column_12=28
Column_19=26
Column_20=26
Column_4=25
Column_27=24
Column_15=22
Column_24=22
Column_14=20
Column_5=15
Column_7=15
Column_11=13
Column_3=12
Column_21=12
Column_6=11
Column_22=8
Column_10=4
Column_25=3
Column_26=1

parameters:
[boosting: gbdt]
[objective: regression]
[metric: l2]
[tree_learner: serial]
[device_type: cpu]
[data_sample_strategy: bagging]
[data: ]
[valid: ]
[num_iterations: 2000]
[learning_rate: 0.03]
[num_leaves: 31]
[num_threads: 1]
[seed: 2]
[deterministic: 0]
[force_col_wise: 0]
[force_row_wise: 0]
[histogram_pool_size: -1]
[max_depth: 6]
[min_data_in_leaf: 2000]
[min_sum_hessian_in_leaf: 0.001]
[bagging_fraction: 0.8]
[pos_bagging_fraction: 1]
[neg_bagging_fraction: 1]
[bagging_freq: 1]
[bagging_seed: 29216]
[bagging_by_query: 0]
[feature_fraction: 0.8]
[feature_fraction_bynode: 1]
[feature_fraction_seed: 17795]
[extra_trees: 0]
[extra_seed: 19650]
[early_stopping_round: 0]
[early_stopping_min_delta: 0]
[first_metric_only: 0]
[max_delta_step: 0]
[lambda_l1: 10]
[lambda_l2: 500]
[linear_lambda: 0]
[min_gain_to_split: 0]
[drop_rate: 0.1]
[max_drop: 50]
[skip_drop: 0.5]
[xgboost_dart_mode: 0]
[uniform_drop: 0]
[drop_seed: 24198]
[top_rate: 0.2]
[other_rate: 0.1]
[min_data_per_group: 100]
[max_cat_threshold: 32]
[cat_l2: 10]
[cat_smooth: 10]
[max_cat_to_onehot: 4]
[top_k: 20]
[monotone_constraints: ]
[monotone_constraints_method: basic]
[monotone_penalty: 0]
[feature_contri: ]
[forcedsplits_filename: ]
[refit_decay_rate: 0.9]
[cegb_tradeoff: 1]
[cegb_penalty_split: 0]
[cegb_penalty_feature_lazy: ]
[cegb_penalty_feature_coupled: ]
[path_smooth: 0]
[interaction_constraints: ]
[verbosity: -1]
[saved_feature_importance_type: 0]
[use_quantized_grad: 0]
[num_grad_quant_bins: 4]
[quant_train_renew_leaf: 0]
[stochastic_rounding: 1]
[linear_tree: 0]
[max_bin: 255]
[max_bin_by_feature: ]
[min_data_in_bin: 3]
[bin_construct_sample_cnt: 200000]
[data_random_seed: 45]
[is_enable_sparse: 1]
[enable_bundle: 1]
[use_missing: 1]
[zero_as_missing: 0]
[feature_pre_filter: 1]
[pre_partition: 0]
[two_round: 0]
[header: 0]
[label_column: ]
[weight_column: ]
[group_column: ]
[ignore_column: ]
[categorical_feature: ]
[forcedbins_filename: ]
[precise_float_parser: 0]
[parser_config_file: ]
[objective_seed: 29484]
[num_class: 1]
[is_unbalance: 0]
[scale_pos_weight: 1]
[sigmoid: 1]
[boost_from_average: 1]
[reg_sqrt: 0]
[alpha: 0.9]
[fair_c: 1]
[poisson_max_delta_step: 0.7]
[tweedie_variance_power: 1.5]
[lambdarank_truncation_level: 30]
[lambdarank_norm: 1]
[label_gain: ]
[lambdarank_position_bias_regularization: 0]
[eval_at: ]
[multi_error_top_k: 1]
[auc_mu_weights: ]
[num_machines: 1]
[local_listen_port: 12400]
[time_out: 120]
[machine_list_filename: ]
[machines: ]
[gpu_platform_id: -1]
[gpu_device_id: -1]
[gpu_device_id_list: ]
[gpu_use_dp: 0]
[num_gpu: 1]

end of parameters

pandas_categorical:null
