tree
version=v4
num_class=1
num_tree_per_iteration=1
label_index=0
max_feature_idx=33
objective=regression
feature_names=Column_0 Column_1 Column_2 Column_3 Column_4 Column_5 Column_6 Column_7 Column_8 Column_9 Column_10 Column_11 Column_12 Column_13 Column_14 Column_15 Column_16 Column_17 Column_18 Column_19 Column_20 Column_21 Column_22 Column_23 Column_24 Column_25 Column_26 Column_27 Column_28 Column_29 Column_30 Column_31 Column_32 Column_33
feature_infos=[-1.056964635848999:0.48779439926147461] [-4.1209239959716797:0.74997055530548096] [-0.11188590526580811:0.13687151670455933] [-0.10048085451126099:0.15692850947380066] [-0.20158103108406067:0.47218838334083557] [-4.0158696174621582:4.4148941040039062] [-16:0] [-0.42303618788719177:0] [-10.72308349609375:-0.0034432073589414358] [-3.4266149997711182:-0.013721644878387451] [-1:1] [-0.083798855543136597:0] [-23.142679214477539:-7.611177921295166] [-19.45045280456543:-5.8052029609680176] [-6.6806416511535645:0.71334981918334961] [-0.12240695953369141:0.90466606616973877] [-0.73777669668197632:1.1664085388183594] [-0.83558398485183716:3.8637986183166504] [-0.92586225271224976:0] [-24.789472579956055:0] [-6.59521484375:0.89390450716018677] [-1:0] [-39:0] [-14.89865779876709:-0.0012750033056363463] [-41:0] [-1:0] [0:13] [-0.10033726692199707:0.76671123504638672] [-1.5470935106277466:2.5912313461303711] [-2.7667229175567627:9.5497369766235352] [-2.0401544570922852:2.1815192699432373] [9.3441591262817383:16.389305114746094] [1:3824] [0:1]
tree_sizes=3244 2907 2738 3146 3243 3141 3148 2836 3214 2754 2979 3267 3226 3252 3241 3134 2732 3249 3241 3229 3242

Tree=0
num_leaves=31
num_cat=0
split_feature=13 0 1 2 8 0 12 17 19 2 8 7 23 26 0 2 11 15 12 23 32 2 2 1 5 30 4 32 4 3
split_gain=2567 1523.54 1057.66 715.913 570.262 453.075 354.519 439.29 417.981 270.05 268.186 193.27 185.458 183.152 137.782 110.119 105.045 94.3961 79.6643 82.5663 77.8536 76.1469 64.3862 64.025 55.5696 54.8288 53.4132 52.0708 47.2049 46.8512
threshold=-12.820794582366942 -0.13697075843811032 -0.46341681480407709 -0.025263412855565544 -2.060709953308105 0.029393672943115238 -12.668993949890135 -0.37630504369735712 -0.052715584635734551 0.0028974935412406926 -2.7092440128326412 -0.034598181024193757 -1.3597775697708128 1.0000000180025095e-35 -0.17898744344711301 -0.010734138078987597 -0.0098502063192427141 -0.020471394062042233 -16.864598274230953 -0.89190658926963795 78.500000000000014 0.010203117504715921 0.0032101825345307593 0.059057146310806281 3.4679019451141362 0.05217606574296952 -0.055148093029856675 117.50000000000001 -0.10017108544707297 -0.00019051432173000646
decision_type=10 10 10 10 8 10 8 8 8 10 10 10 10 2 10 10 10 10 10 10 8 10 10 10 8 10 10 10 10 10
left_child=3 2 16 14 11 12 7 13 -9 20 -4 22 15 -6 -1 25 -2 -12 19 -14 -7 -11 -3 -19 -17 -5 29 -22 -20 -13
right_child=1 4 10 5 6 9 -8 8 -10 21 17 26 18 -15 -16 24 -18 23 28 -21 27 -23 -24 -25 -26 -27 -28 -29 -30 -31
leaf_value=-0.023042205182606173 -0.013775712917917401 -0.0080943380677115789 -0.011190362149192367 -0.011030177547592472 -0.00091878662013983444 -0.0040541529646308102 -0.011829874636060195 -0.0021703682464135616 -0.0038990445741723346 -0.0022652813359084118 -0.0076381644792682581 -0.0061364752019229373 -0.0088105572445029232 0.0026605153297464706 -0.010620547182004683 -0.0055594431896839195 -0.025273582861109305 -0.0045740754906223894 -0.0021412043417309186 -0.0048854531383341841 -0.0077847393849721468 0.0020447447547225534 -0.002662114817915273 -0.00094980249021727348 -0.0082791681005342371 -0.0068124133718509925 -0.0025612458750848646 -0.0047493618310361189 -0.0052673344322954948 -0.0034310800464084331
leaf_weight=2018 4427 18724 6760 17052 41736 24958 2973 1221414 139768 14527 7230 11758 12169 19148 2924 13921 2014 19623 4947 9402 12869 4651 2015 5091 19076 5427 14704 10348 22223 11839
leaf_count=2018 4427 18724 6760 17052 41736 24958 2973 1221414 139768 14527 7230 11758 12169 19148 2924 13921 2014 19623 4947 9402 12869 4651 2015 5091 19076 5427 14704 10348 22223 11839
internal_value=-0.00294136 -0.00254541 -0.00794357 -0.00636142 -0.00237938 -0.00600923 -0.00225924 -0.00223591 -0.00234838 -0.00407382 -0.00595653 -0.00525539 -0.00724583 0.000248292 -0.0171282 -0.00844478 -0.0187635 -0.00472972 -0.00583314 -0.00719603 -0.00526881 -0.00110452 -0.00755815 -0.0037908 -0.00719684 -0.0101312 -0.00395742 -0.00651103 -0.00468303 -0.0048298
internal_weight=1.70574e+06 1.52922e+06 45145 176512 1.48408e+06 171570 1.42504e+06 1.42207e+06 1.36118e+06 67353 38704 59040 104217 60884 4942 55476 6441 31944 48741 21571 48175 19178 20739 24714 32997 22479 38301 23217 27170 23597
internal_count=1705736 1529224 45145 176512 1484079 171570 1425039 1422066 1361182 67353 38704 59040 104217 60884 4942 55476 6441 31944 48741 21571 48175 19178 20739 24714 32997 22479 38301 23217 27170 23597
is_linear=0
shrinkage=1


Tree=1
num_leaves=28
num_cat=0
split_feature=4 13 8 9 16 16 6 13 19 2 13 0 29 15 2 0 32 27 23 18 16 24 0 29 22 6 11
split_gain=2571.07 2342.1 1328.49 646.83 631.303 608.176 393.274 345.129 313.941 298.237 207.997 198.676 173.018 130.533 96.6755 87.0914 78.2933 78.0202 45.658 43.7212 39.9842 39.0395 37.8219 29.8029 27.8217 13.8275 11.5559
threshold=1.0000000180025095e-35 -12.870800971984862 -2.4653966426849361 -0.51465147733688343 -0.26814237236976618 -0.11095563694834708 -1.4999999999999998 -12.002213954925535 -0.0032354212598875161 -0.021633690223097798 -11.946274757385252 0.034896105527877815 0.11762226745486261 -0.018794417381286618 0.0016448855167254808 -0.11403512954711913 78.500000000000014 0.073731865733861937 -1.2943465709686277 -0.17159824073314664 -0.22658324986696241 -19.499999999999996 -0.030240595340728756 0.46160914003849035 -3.4999999999999996 -2.4999999999999996 -0.014614580199122427
decision_type=8 10 10 10 8 8 2 10 8 8 10 10 8 10 10 10 8 8 10 10 10 2 10 8 2 2 10
left_child=1 5 6 8 17 14 15 -6 10 22 -4 12 -11 -8 18 25 -13 -5 21 -15 24 -1 -7 -22 -16 -3 -20
right_child=-2 2 3 4 7 9 13 -9 -10 11 -12 16 -14 19 20 -17 -18 -19 26 -21 23 -23 -24 -25 -26 -27 -28
leaf_value=0 -0.030261271192590682 -0.016351317813693114 -0.0015483220889337312 0.0017438276656653183 -0.00015315545392533784 -0.01157327405021682 -0.0085024766351166486 0.0011072996291608941 -0.0098375121052114278 -0.0034716115882490162 6.6045486623427584e-06 -0.0007965037848935004 -0.0063183204583364301 -0.003042326407475991 0.0011477519118886425 -0.0062210974725333407 -0.0034268720767001493 0.0065621210594027177 0.0018170667606529926 -0.0003011865902783614 0.0018327154661377713 -0.0050028265674973149 -0.0048379333740252769 -0.0017874747780393786 0.0061049772208558312 -0.0081355749041511927 -0.00085678211140063616
leaf_weight=2320 2023 2131 106251 4314 254554 5127 3150 835145 2718 51046 280436 21943 34618 19376 2118 5509 19843 19118 2764 7615 8911 3353 2358 2106 2833 2678 2044
leaf_count=2320 2023 2131 106251 4314 254554 5127 3150 835145 2718 51046 280436 21943 34618 19376 2118 5509 19843 19118 2764 7615 8911 3353 2358 2106 2833 2678 2044
internal_value=5.88324e-07 4.55477e-05 0.000405758 0.000551078 0.000919225 -0.00338719 -0.00492456 0.000812647 -0.000500344 -0.00420034 -0.00042132 -0.00382433 -0.00465548 -0.00308565 0.000751089 -0.00987777 -0.00207844 0.00574254 -0.00142984 -0.00229942 0.00220077 -0.0031512 -0.00992481 0.00106708 0.00433915 -0.0130298 0.000650198
internal_weight=1.7064e+06 1.70438e+06 1.543e+06 1.50254e+06 1.11313e+06 161384 40459 1.0897e+06 389405 134935 386687 127450 85664 30141 26449 10318 41786 23432 10481 26991 15968 5673 7485 11017 4951 4809 4808
internal_count=1706402 1704379 1542995 1502536 1113131 161384 40459 1089699 389405 134935 386687 127450 85664 30141 26449 10318 41786 23432 10481 26991 15968 5673 7485 11017 4951 4809 4808
is_linear=0
shrinkage=0.03


Tree=2
num_leaves=26
num_cat=0
split_feature=25 13 8 16 16 6 8 18 13 12 6 0 27 16 15 23 32 1 16 18 3 0 31 14 5
split_gain=2557.2 2217.35 1080.12 708.048 504.215 492.965 415.233 400.047 398.042 340.462 295.553 163.598 150.653 125.401 111.828 93.7188 92.9435 90.1139 73.6719 49.4316 38.088 34.3005 28.4029 25.9102 7.98666
threshold=-1.0000000180025095e-35 -12.600508213043211 -2.4653966426849361 -0.14149632304906842 -0.22658324986696241 -1.0000000180025095e-35 -2.8737926483154292 -0.11440601944923399 -13.073032855987547 -13.273291587829588 -2.4999999999999996 0.044150322675704963 0.078970178961753859 -0.29940402507781977 -0.013511359691619871 -1.6524960398674009 79.500000000000014 -0.46341681480407709 -0.26814237236976618 -0.13272676616907117 -0.006691230693832039 -0.11403512954711913 12.314693927764894 -2.5014358758926387 0.2712064683437348
decision_type=8 10 10 8 8 2 10 10 10 10 2 10 10 10 10 10 8 10 10 10 10 10 10 10 8
left_child=1 3 10 15 9 12 17 -7 11 13 -3 -8 -6 -4 21 22 -10 -5 24 -16 -20 -12 -1 -19 -17
right_child=-2 2 4 6 5 7 8 -9 16 -11 14 -13 -14 -15 19 18 -18 23 20 -21 -22 -23 -24 -25 -26
leaf_value=0.00028184220023659958 -0.029758870261250618 -0.012505524790742604 0.006525870178733767 -0.015596356837063638 -0.0016747742553164626 0.000560410259518635 -0.0051539886163187313 0.0026337203565607236 -0.00088368209319213803 -0.0069399065389637825 -0.0092464128181531467 -0.0023818795801483811 0.00025169567324678452 0.0030317419627056584 -0.0032820230240906932 0.0029266913728314562 -0.0026219755235092146 -0.0090428904829991767 -0.00075202771067480671 -2.3967283272663484e-05 0.0021823526239568031 -0.0032028215958415395 -0.0033249728511964421 -0.0031905975297692557 0.0065892991375984247
leaf_weight=3803 2096 3395 13184 2081 109306 1110679 68175 90273 60059 2233 3391 29169 54198 37854 22193 2794 53351 2076 4956 5378 14462 2309 3153 2398 3034
leaf_count=3803 2096 3395 13184 2081 109306 1110679 68175 90273 60059 2233 3391 29169 54198 37854 22193 2794 53351 2076 4956 5378 14462 2309 3153 2398 3034
internal_value=-6.42952e-06 3.87127e-05 0.000487364 -0.00257101 0.000619694 0.000506942 -0.00318593 0.000717537 -0.00293594 0.00347051 -0.00456071 -0.00434281 -0.00103554 0.00399471 -0.00356798 0.00155474 -0.00171197 -0.0104033 0.00239946 -0.00266894 0.00141828 -0.00730234 -0.00142615 -0.0066025 0.00525081
internal_weight=1.706e+06 1.7039e+06 1.45439e+06 249511 1.41773e+06 1.36446e+06 217309 1.20095e+06 210754 53271 36666 97344 163504 51038 33271 32202 113410 6555 25246 27571 19418 5700 6956 4474 5828
internal_count=1706000 1703904 1454393 249511 1417727 1364456 217309 1200952 210754 53271 36666 97344 163504 51038 33271 32202 113410 6555 25246 27571 19418 5700 6956 4474 5828
is_linear=0
shrinkage=0.03


Tree=3
num_leaves=30
num_cat=0
split_feature=25 2 12 8 8 19 17 23 24 31 24 2 18 0 12 1 1 0 20 12 24 14 7 15 29 1 15 7 2
split_gain=2491.38 1883.16 785.797 650.216 520.1 331.823 360.842 278.279 270.15 253.354 203.501 217.275 167.501 156.865 135.501 120.57 119.219 102.066 83.3526 80.187 78.7742 74.2523 65.4462 45.9053 42.7891 42.4283 39.7765 29.3532 2.2195
threshold=-1.0000000180025095e-35 -0.010734138078987597 -16.405456542968746 -2.4653966426849361 -2.060709953308105 -0.036504346877336495 -0.35268484055995936 -1.3483428955078123 -3.4999999999999996 14.854555606842043 -3.4999999999999996 0.0038243964081630115 -0.1111960895359516 -0.06277227401733397 -16.121672630310055 -0.26406568288803095 -0.56995189189910878 -0.072942316532134996 0.20630747079849246 -16.953179359436032 -4.4999999999999991 -2.2502385377883907 -0.029700192622840401 -0.0083649158477783186 0.11058107018470766 0.20908427238464358 -0.020471394062042233 -0.030313140712678429 -0.017048917710781094
decision_type=8 8 8 10 10 8 10 8 2 8 2 10 10 10 10 10 10 10 10 10 2 10 10 10 8 10 10 8 10
left_child=1 4 10 15 8 6 -5 14 13 -7 11 19 21 -1 20 -4 -16 26 -19 -3 -6 -12 -17 -10 -14 -13 -9 -25 -15
right_child=-2 2 3 5 7 9 -8 17 23 -11 12 25 24 28 16 22 -18 18 -20 -21 -22 -23 -24 27 -26 -27 -28 -29 -30
leaf_value=-0.013326523034412691 -0.029704202548993565 -0.005363819518811673 -0.008867239374854053 0.0029923754527590176 -0.0069835128640751698 -0.00054276632353442156 0.00066420700616451616 -0.0049126276704314449 -0.0062846260154675732 -0.006249853324928431 -0.001784192033662123 -0.00062724216281886806 0.0026791857675186139 -0.0068404463507463703 -0.0072828451666409489 -0.0042534948503573852 -0.0017971225432800238 -0.00039295121788064972 0.0037064944249282426 -0.0028047951734927502 -0.0028217017944214755 0.00019615280977886677 -0.0011964898305521687 -0.003366308716550576 -0.0008638216212716889 0.0028395355119864019 -0.0015206031257134827 0.00052240513594435482 -0.0032771213095754174
leaf_weight=7404 2039 18707 3339 62701 15287 101533 1206723 4218 4949 7052 65759 11277 13532 2008 3809 15157 27033 21066 5113 34676 7297 22462 11996 5756 3515 3830 13018 2083 2746
leaf_count=7404 2039 18707 3339 62701 15287 101533 1206723 4218 4949 7052 65759 11277 13532 2008 3809 15157 27033 21066 5113 34676 7297 22462 11996 5756 3515 3830 13018 2083 2746
internal_value=-8.83713e-06 3.52221e-05 0.000312514 0.000547621 -0.00355145 0.000644238 0.000780572 -0.00252735 -0.00738746 -0.000943108 -0.00158767 -0.00285659 -0.000749647 -0.0105646 -0.00396861 -0.00374902 -0.00258956 -0.00072192 0.000450923 -0.00374857 -0.00574205 -0.00127833 -0.00295983 -0.00406044 0.00192774 0.000295262 -0.00248271 -0.00232765 -0.00534705
internal_weight=1.70608e+06 1.70405e+06 1.58226e+06 1.4085e+06 121787 1.37801e+06 1.26942e+06 96841 24946 108585 173758 68490 105268 12158 53426 30492 30842 43415 26179 53383 22584 88221 27153 12788 17047 15107 17236 7839 4754
internal_count=1706085 1704046 1582259 1408501 121787 1378009 1269424 96841 24946 108585 173758 68490 105268 12158 53426 30492 30842 43415 26179 53383 22584 88221 27153 12788 17047 15107 17236 7839 4754
is_linear=0
shrinkage=0.03


Tree=4
num_leaves=31
num_cat=0
split_feature=4 4 8 13 16 1 16 19 13 18 18 12 17 19 15 17 24 8 19 1 8 16 2 0 24 14 19 9 18 23
split_gain=2262.71 1962.5 846.954 626.588 504.375 479.815 381.218 356.432 353.604 278.753 218.876 217.926 201.894 167.64 286.155 214.83 145.91 141.004 135.917 125.376 110.96 96.7126 94.2997 83.6124 79.7367 68.5706 66.2206 59.5881 34.2742 26.2086
threshold=-1.0000000180025095e-35 -0.094242721796035753 -1.6534969210624693 -12.002213954925535 -0.1617259085178375 -0.40720117092132563 -0.15930104255676267 -0.047567758709192269 -13.106342792510985 -0.12081054970622061 -0.12689303606748578 -16.761588096618649 -0.43311122059822077 -1.0000000180025095e-35 0.012021869421005251 -0.37630504369735712 -3.4999999999999996 -2.8737926483154292 -0.11506872624158858 -0.56995189189910878 -2.8737926483154292 -0.29940402507781977 -0.0024522349704056974 0.062477678060531623 -6.4999999999999991 -2.1156527996063228 -0.73265734314918507 -0.57265487313270558 -0.64459168910980214 -1.2746467590332029
decision_type=8 10 10 10 8 10 8 8 10 10 10 10 8 8 10 10 2 10 10 10 10 10 10 10 2 10 10 10 10 10
left_child=1 2 5 6 21 17 18 10 23 11 12 -8 -5 15 -15 -9 22 -1 27 -10 -18 25 -7 -6 -11 -4 -12 -3 -23 -20
right_child=-2 3 4 7 8 16 9 13 19 24 26 -13 -14 14 -16 -17 20 -19 29 -21 -22 28 -24 -25 -26 -27 -28 -29 -30 -31
leaf_value=-0.015124021661882524 -0.028287389822582144 -0.00122678124874322 0.0066962822680925451 0.0049100030797195838 -0.0047508471685699756 -0.0061293663127555808 -0.0033456429963087874 0.0024614011700245619 -0.0048544537763772749 -0.0037667909381528183 0.0008368363339756981 -0.00098817302928999617 0.00089240609977349675 -0.013002088470273447 0.0016763723239761141 -0.00084870197668673777 -0.0050517890006032242 -0.0069827853119177217 -0.0033976872804407526 -0.0008559789419665322 -0.0015566649979651959 0.0039238633309143824 -0.0016269072509404521 -0.0016770350161197816 0.0014434005948499836 0.00012687538761296864 0.0030314970905771814 0.003576235358991227 0.00080858855711155638 1.1051748195479937e-05
leaf_weight=3859 2044 2206 5604 10978 34569 24345 43061 20328 6966 2313 16428 195054 823741 2017 2024 114447 11138 7203 2371 158153 31776 3401 5801 11709 42995 2016 63513 26428 22760 6334
leaf_count=3859 2044 2206 5604 10978 34569 24345 43061 20328 6966 2313 16428 195054 823741 2017 2024 114447 11138 7203 2371 158153 31776 3401 5801 11709 42995 2016 63513 26428 22760 6334
internal_value=-1.54812e-05 2.65551e-05 -0.00205157 0.000525305 -0.00115404 -0.00464164 -0.000634355 0.000878816 -0.00169908 -0.00101118 0.00109384 -0.00142188 0.000948511 -0.000534646 -0.00620901 -0.000339972 -0.00370406 -0.01038 0.00219356 -0.00104062 -0.00251844 0.00222304 -0.00531343 -0.00400578 0.00113266 0.00511002 0.00259223 0.0031812 0.00129083 -0.00101893
internal_weight=1.70558e+06 1.70354e+06 329300 1.37424e+06 245178 84122 320762 1.05348e+06 211397 283423 914660 238115 834719 138816 4041 134775 73060 11062 37339 165119 42914 33781 30146 46278 45308 7620 79941 28634 26161 8705
internal_count=1705582 1703538 329300 1374238 245178 84122 320762 1053476 211397 283423 914660 238115 834719 138816 4041 134775 73060 11062 37339 165119 42914 33781 30146 46278 45308 7620 79941 28634 26161 8705
is_linear=0
shrinkage=0.03


Tree=5
num_leaves=30
num_cat=0
split_feature=4 13 9 0 0 17 19 13 23 27 19 13 20 6 18 18 4 15 31 0 25 9 14 20 5 27 9 27 11
split_gain=2159.86 1849.72 1022.44 545.861 411.917 345.101 277.445 318.231 259.034 195.214 164.03 166.726 156.707 152.09 148.719 140.56 104.734 98.3335 94.6091 71.3112 70.6951 66.3065 55.2345 48.1981 43.6644 42.4254 26.5708 43.0638 6.74238
threshold=1.0000000180025095e-35 -12.845088958740233 -0.56607553362846363 -0.13014173507690427 0.044150322675704963 -0.38354165852069849 -0.047567758709192269 -11.727900505065916 -2.2612673044204707 0.086347457021474852 -0.0056524199899286023 -11.968085765838621 -1.2800117731094358 -1.4999999999999998 -0.59555518627166737 -0.077903840690851198 -0.094242721796035753 -0.018794417381286618 12.521378517150881 -0.059931278228759759 -0.44876314699649805 -0.72644647955894459 -3.0147993564605708 -0.9743782877922057 -1.12194287776947 0.099456716328859343 -0.54844224452972401 0.099977780133485808 -0.020018757320940491
decision_type=8 8 10 10 10 8 8 10 10 10 8 8 10 2 10 8 10 10 8 10 10 10 10 8 10 10 10 10 10
left_child=1 4 3 13 8 9 7 -7 16 18 11 -5 22 21 -8 -14 19 -15 -4 -1 23 -3 -10 28 -11 -25 -22 -28 -6
right_child=-2 2 5 10 20 6 14 -9 12 24 -12 -13 15 17 -16 -17 -18 -19 -20 -21 26 -23 -24 25 -26 -27 27 -29 -30
leaf_value=-0.01027886772507248 -0.027802908392203101 -0.010834587278752349 0.002985286517786134 -0.0019409503030443952 -0.0055756304571355463 0.00013709318149523702 -0.006410177117409108 0.0012050695051508574 -0.0084508065670274874 0.0074689251197219584 -0.0074010884361237223 -0.00028524134443821042 -0.0032556239385375906 -0.0077554122346824399 -0.00056329035503212353 0.00032843104141349461 -0.0017764159870484009 -0.0021145941792137693 -0.00049551005998094318 -0.0056365518379863158 -0.0014666559118059548 -0.0036766869576747804 -0.0029488811233564357 -0.0018002427134653333 0.0038661759052108619 0.00029635346191689928 0.00031619065016055169 0.0041956490770257947 -0.0020063980009687988
leaf_weight=7618 2011 5271 18825 74009 2153 403669 3592 667511 6378 8311 2866 209394 72532 3502 104213 11110 3493 12207 10636 10078 2567 2543 3422 21936 8875 13612 7957 3522 2081
leaf_count=7618 2011 5271 18825 74009 2153 403669 3592 667511 6378 8311 2866 209394 72532 3502 104213 11110 3493 12207 10636 10078 2567 2543 3422 21936 8875 13612 7957 3522 2081
internal_value=0 4.09931e-05 0.000368897 -0.00116929 -0.00293817 0.000758255 0.000656977 0.000803139 -0.00395204 0.00327755 -0.000802042 -0.000721333 -0.00323542 -0.00551646 -0.000789569 -0.00277687 -0.00695101 -0.00359105 0.00173134 -0.00787906 -0.000757033 -0.0089024 -0.00679516 -0.00140208 0.00578729 -0.000996119 0.0010347 0.00165698 -0.00428193
internal_weight=1.70589e+06 1.70388e+06 1.53542e+06 309792 168459 1.22563e+06 1.17898e+06 1.07118e+06 114631 46647 286269 283403 93442 23523 107805 83642 21189 15709 29461 17696 53828 7814 9800 39782 17186 35548 14046 11479 4234
internal_count=1705894 1703883 1535424 309792 168459 1225632 1178985 1071180 114631 46647 286269 283403 93442 23523 107805 83642 21189 15709 29461 17696 53828 7814 9800 39782 17186 35548 14046 11479 4234
is_linear=0
shrinkage=0.03


Tree=6
num_leaves=30
num_cat=0
split_feature=4 13 9 16 0 16 13 1 16 29 11 0 1 20 17 29 19 16 27 0 4 15 14 17 31 27 28 14 14
split_gain=2119.53 1745.21 927.098 548.678 546.895 522.683 293.704 286.39 264.198 177.596 170.057 163.739 158.607 137.167 121.759 117.666 110.714 82.5368 79.3545 78.3392 60.7245 48.7707 46.3589 44.2611 36.539 35.7649 30.2678 29.6696 19.3049
threshold=1.0000000180025095e-35 -12.797373771667479 -0.54268535971641529 -0.26814237236976618 -0.14457958936691281 -0.07527571544051169 -11.76980400085449 -0.56995189189910878 -0.042031444609165185 0.41884966194629675 -0.020698716863989827 0.0037334263324737553 -0.26406568288803095 -0.11547440290451048 -0.075957357883453355 0.11762226745486261 -0.032609887421131127 -0.1500156298279762 0.07592471688985826 -0.036169052124023431 -0.094242721796035753 -0.014288246631622313 -2.7133692502975459 -0.048866538330912583 12.580799579620363 0.10013828054070474 0.11118668690323831 -2.2022119760513301 -3.3357695341110225
decision_type=8 10 10 8 10 8 10 10 10 8 10 8 10 10 10 8 10 10 10 10 10 10 8 10 8 10 8 10 10
left_child=1 5 4 18 12 17 13 19 -8 14 11 -9 22 -5 -6 -12 -11 20 24 -7 23 -14 -3 -1 -4 26 -19 -20 -22
right_child=-2 2 3 6 9 7 8 10 -10 16 15 -13 21 -15 -16 -17 -18 25 27 -21 28 -23 -24 -25 -26 -27 -28 -29 -30
leaf_value=0.0013703557481196252 -0.027592999508203202 -0.0048304372261507335 0.0035700797605680169 0.00066612183005898605 -0.00095480093270026523 -0.010770290097800454 0.00051084155635680486 -0.0076894818036524837 0.0016201613720109008 -0.00218333551363561 -0.0018221699428007298 -0.0027663791416778667 -0.006158608539275791 -0.00051985536577311552 0.00026454736454826637 -0.0039271153326976213 -0.0087461620756320562 -0.00060743161242572815 0.0071540218166102187 -0.0040112491941428751 0.0051395669894720424 -0.0020303032117353513 -0.011426807847098316 -0.0025516287128552911 -0.0013171896672723958 0.0016173397583290289 -0.0031362934654985326 0.003939737152086396 0.0019928661640727539
leaf_weight=6143 2002 2971 2562 150352 174060 5835 430435 13394 352780 31262 64498 12816 3931 209327 126727 40246 2139 12149 11974 3433 2868 9133 4198 3731 2021 3248 6714 7024 7691
leaf_count=6143 2002 2971 2562 150352 174060 5835 430435 13394 352780 31262 64498 12816 3931 209327 126727 40246 2139 12149 11974 3433 2868 9133 4198 3731 2021 3248 6714 7024 7691
internal_value=-1.11593e-06 3.92179e-05 0.000372534 0.000780916 -0.000969898 -0.0027263 0.000685867 -0.00360734 0.00101161 -0.000674481 -0.00321806 -0.00539029 -0.00570088 -2.30271e-05 -0.000440485 -0.00264862 -0.00273527 0.00017875 0.00526526 -0.00863084 0.0015402 -0.00347587 -0.0092254 -0.000134246 0.00143831 -0.00107235 -0.00158078 0.00611252 0.00306842
internal_weight=1.70566e+06 1.70366e+06 1.5209e+06 1.16648e+06 354421 182766 1.14289e+06 140222 783215 334188 130954 26210 20233 359679 300787 104744 33401 42544 23581 9268 20433 13064 7169 9874 4583 22111 18863 18998 10559
internal_count=1705664 1703662 1520896 1166475 354421 182766 1142894 140222 783215 334188 130954 26210 20233 359679 300787 104744 33401 42544 23581 9268 20433 13064 7169 9874 4583 22111 18863 18998 10559
is_linear=0
shrinkage=0.03


Tree=7
num_leaves=27
num_cat=0
split_feature=25 6 16 2 12 12 16 18 8 0 2 16 16 23 32 28 32 23 14 24 20 0 0 19 32 3
split_gain=1898.43 1731.12 774.921 590.983 488.4 397.382 386.705 336.207 308.243 218.059 156.504 149.926 145.244 130.999 116.558 98.3707 71.4999 65.0553 61.863 49.8926 45.7474 42.3844 32.6455 28.942 22.6384 12.8075
threshold=-1.0000000180025095e-35 -1.0000000180025095e-35 -0.14149632304906842 -0.015403118915855883 -16.761588096618649 -12.668993949890135 -0.26814237236976618 -0.11756678298115729 -3.0967004299163814 -0.13014173507690427 -0.0066510066390037528 -0.13218434900045392 -0.26814237236976618 -1.3723328709602354 124.50000000000001 0.004482333781197668 74.500000000000014 -1.3723328709602354 -2.0912464857101436 -3.4999999999999996 -0.38065421581268305 -0.11403512954711913 0.19484496116638186 -0.17012857645750043 57.500000000000007 -0.0016751885414123533
decision_type=8 2 8 10 8 10 8 10 10 10 8 8 10 10 10 8 8 10 10 2 8 10 8 10 8 10
left_child=1 2 12 9 11 6 14 -8 21 17 -10 24 18 -11 -6 19 -17 -4 22 -13 -14 -5 -1 -22 -3 -26
right_child=-2 4 3 8 5 -7 7 -9 10 13 -12 15 20 -15 -16 16 -18 -19 -20 -21 23 -23 -24 -25 25 -27
leaf_value=0.0067794732456768567 -0.025939585752221668 0.0038209244220779753 -0.010758642927240158 -0.0087237798771952462 0.0033315338015661284 -0.010769284452229529 0.00043318784291573219 0.002196180070937062 -0.0026431220752669124 -0.0054767317203087808 -0.0010519820298271073 -0.0031482385196416611 -0.0021747666354993618 -0.00043675981357219225 0.0090355422808271035 -0.0021927911919323718 -0.0054052415106713419 -0.0046052797982928887 0.00051089728319802868 -0.00016992061937959712 0.0017796004482130688 -0.0043611206476456502 0.001881932997434291 -0.00033449923666488288 -0.00098989411854756245 0.0018882321453418641
leaf_weight=6788 2036 2495 8770 5213 16380 2250 1191469 105707 94078 18543 140472 7441 3796 6435 4137 13242 14653 3477 2883 14786 18751 7133 2283 7844 2441 2078
leaf_count=6788 2036 2495 8770 5213 16380 2250 1191469 105707 94078 18543 140472 7441 3796 6435 4137 13242 14653 3477 2883 14786 18751 7133 2283 7844 2441 2078
internal_value=-2.33474e-06 3.60903e-05 -0.00192613 -0.00249061 0.000502025 0.00062003 0.000643783 0.000577876 -0.00194954 -0.00599788 -0.00169573 -0.00220064 0.00183918 -0.00422413 0.00468355 -0.00277619 -0.00395629 -0.00928437 0.0045748 -0.00122751 0.000696812 -0.00649443 0.00574091 0.00115032 0.00178337 0.000330063
internal_weight=1.70558e+06 1.70354e+06 326466 284121 1.37708e+06 1.31994e+06 1.31769e+06 1.29718e+06 246896 37225 234550 57136 42345 24978 20517 50122 27895 12247 11954 22227 30391 12346 9071 26595 7014 4519
internal_count=1705581 1703545 326466 284121 1377079 1319943 1317693 1297176 246896 37225 234550 57136 42345 24978 20517 50122 27895 12247 11954 22227 30391 12346 9071 26595 7014 4519
is_linear=0
shrinkage=0.03


Tree=8
num_leaves=31
num_cat=0
split_feature=4 13 9 16 16 2 15 8 18 8 13 19 8 18 8 9 8 30 7 7 5 31 16 11 5 2 8 17 23 17
split_gain=2077.04 1655.95 773.627 604.61 464.755 426.651 337.452 288.113 274.165 226.515 219.587 144.723 136.482 103.327 97.9931 94.6249 93.3189 83.7123 74.478 61.2682 60.2621 54.0234 46.0285 52.3503 35.2212 31.2204 29.3876 17.9037 13.2645 9.27536
threshold=1.0000000180025095e-35 -12.513070583343504 -0.70188963413238514 -0.1303976699709892 -0.233374148607254 -0.015403118915855883 -0.02272701263427734 -3.0967004299163814 -0.17614971101284024 -1.4021266698837278 -12.979273796081541 -0.010714599862694739 -2.0143042802810665 -0.29053117334842676 -0.61385142803192128 -0.55127117037773121 -1.3057610988616941 -0.08608961850404738 -0.031960749998688691 -0.030469926074147221 0.12475526705384256 10.905921459198 -0.26814237236976618 -0.020350004546344277 0.23663807660341266 0.0068049787078052768 -2.8737926483154292 -0.17745759338140485 -1.4639605879783628 -0.025336747057735916
decision_type=8 10 10 8 8 10 10 10 8 10 8 8 10 10 10 10 10 10 10 10 10 10 10 10 8 10 10 8 10 10
left_child=1 3 7 15 14 9 16 19 -8 26 17 13 -12 -9 18 25 -6 -7 -4 27 -11 -16 24 -24 -17 28 -5 -3 -1 -21
right_child=-2 2 4 5 6 10 8 11 -10 20 12 -13 -14 -15 21 22 -18 -19 -20 29 -22 -23 23 -25 -26 -27 -28 -29 -30 -31
leaf_value=-0.0048569176903950368 -0.027104990035392559 -0.0032880832391657382 0.0059839287875071284 -0.012593896123860217 -0.0053309713340516712 -0.0044675540714169968 0.00042990458883193498 -0.0018635009909723536 0.0016402275957536799 -0.0041922494015196156 -0.0047048258133996143 -0.0080762300414398674 -0.00094364743362556562 0 -0.0015798861117049528 0.0014601166203227136 -0.0014359227577721353 -0.0025358295254794927 0.0023044807550423874 -0.0037188945749824526 0.00022112680631504022 0.0026087223867947346 -0.0010630707217266638 0.0019610193894518775 0.0058579543842265545 0.00068625854604478309 -0.0073190702311276669 -0.0082439521652120217 -0.0010636359190220718 -0.00067830855313575147
leaf_weight=2119 2043 2031 17682 2473 8526 32782 1024647 65222 201624 10569 9080 2281 106407 45019 2994 3758 16604 65038 8502 2348 3487 13643 6253 21293 3752 2330 12400 6730 2104 2137
leaf_count=2119 2043 2031 17682 2473 8526 32782 1024647 65222 201624 10569 9080 2281 106407 45019 2994 3758 16604 65038 8502 2348 3487 13643 6253 21293 3752 2330 12400 6730 2104 2137
internal_value=-1.25208e-05 2.77309e-05 0.000446216 -0.00206187 0.000664843 -0.00263544 0.000558564 -0.00179493 0.000629738 -0.00603758 -0.0021596 -0.00128414 -0.00126096 -0.00110507 0.00372152 0.00126184 -0.00284734 -0.00320568 0.00486601 -0.00590761 -0.00310679 0.00181333 0.00188387 0.00125713 0.00392325 -0.00192087 -0.00859674 -0.00736701 -0.00334321 -0.00254365
internal_weight=1.70588e+06 1.70384e+06 1.41999e+06 283845 1.29422e+06 242236 1.2514e+06 125768 1.22627e+06 28929 213307 112522 115487 110241 42821 41609 25130 97820 26184 13246 14056 16637 35056 27546 7510 6553 14873 8761 4223 4485
internal_count=1705878 1703835 1419990 283845 1294222 242236 1251401 125768 1226271 28929 213307 112522 115487 110241 42821 41609 25130 97820 26184 13246 14056 16637 35056 27546 7510 6553 14873 8761 4223 4485
is_linear=0
shrinkage=0.03


Tree=9
num_leaves=26
num_cat=0
split_feature=25 6 8 12 1 12 17 19 1 0 12 27 12 29 1 27 1 8 0 14 9 24 2 1 2
split_gain=1795.91 1473.08 711.933 472.976 367.704 363.889 324.749 368.685 313.175 223.125 198.657 143.19 96.6183 94.8889 97.7104 84.4483 83.4198 73.633 58.6249 44.0057 48.6784 41.1828 40.9221 36.5586 26.029
threshold=-1.0000000180025095e-35 -1.0000000180025095e-35 -2.060709953308105 -16.761588096618649 0.036426097154617317 -12.668993949890135 -0.38354165852069849 -0.056415246799588196 -0.40720117092132563 -0.26674902439117426 -16.237792968749996 0.086347457021474852 -16.089826583862301 0.019363478757441047 0.18544188141822818 0.071703769266605391 -0.11122816801071166 -2.8737926483154292 -0.03862261772155761 -1.894616901874542 -0.3826515525579452 -3.4999999999999996 -0.00088338702335022379 -0.56995189189910878 0.0027141616446897392
decision_type=8 2 10 10 10 8 8 8 10 10 8 10 10 8 10 10 10 10 8 10 8 2 10 10 10
left_child=1 2 8 13 9 6 11 -8 17 23 -11 -5 22 19 21 -14 18 -1 -10 20 -3 -15 -6 -4 -18
right_child=-2 3 4 5 12 -7 7 -9 16 10 -12 -13 15 14 -16 -17 24 -19 -20 -21 -22 -23 -24 -25 -26
leaf_value=-0.013630608509089769 -0.025120448070845201 -0.0026957967378103131 -0.011072272279199812 0.0016953254794774011 -0.0035877388485128295 -0.010370899283989113 0.00068034784221191814 -0.00088862089422196374 -0.0059318141050515886 -0.0031424134534880411 -0.001052731523277636 0.0051237032574284296 -0.00093407396989655055 -0.0049940755765576113 0.0021940534582012934 0.0019897370767718247 -0.0024947515197656575 -0.0060353523663661023 -0.0027374711461422541 0.0029251857678385487 0.00015893693871908327 -0.0025915990994666944 -0.00022835120483516007 -0.0041764407965089907 0.00086651662471691883
leaf_weight=3895 2062 9297 2015 31066 4459 2233 1116546 152700 18582 57055 147971 17562 10858 13173 2395 40701 12673 3746 9636 2184 11391 18444 10406 2644 2056
leaf_count=3895 2062 9297 2015 31066 4459 2233 1116546 152700 18582 57055 147971 17562 10858 13173 2395 40701 12673 3746 9636 2184 11391 18444 10406 2644 2056
internal_value=-2.19004e-05 1.5662e-05 -0.00179363 0.000445637 -0.00118778 0.000561528 0.000584206 0.000491077 -0.00505048 -0.00180336 -0.00164194 0.00297914 0.000749925 -0.00222008 -0.00321707 0.00136518 -0.00395623 -0.0105433 -0.0049181 -0.000687558 -0.00114314 -0.00366408 -0.00133954 -0.00800107 -0.00199281
internal_weight=1.70575e+06 1.70369e+06 326697 1.37699e+06 276109 1.32011e+06 1.31787e+06 1.26925e+06 50588 209685 205026 48628 66424 56884 34012 51559 42947 7641 28218 22872 20688 31617 14865 4659 14729
internal_count=1705750 1703688 326697 1376991 276109 1320107 1317874 1269246 50588 209685 205026 48628 66424 56884 34012 51559 42947 7641 28218 22872 20688 31617 14865 4659 14729
is_linear=0
shrinkage=0.03


Tree=10
num_leaves=28
num_cat=0
split_feature=25 6 1 13 8 19 20 3 2 18 31 26 1 12 12 20 27 11 27 3 20 4 19 19 18 2 7
split_gain=1571.39 1489.37 675.011 483.747 424.084 342.931 243.419 222.587 215.793 237.131 195.002 185.008 182.277 181.847 163.025 152.998 142.806 139.359 126.601 120.876 98.4815 75.227 70.3215 50.0007 38.8571 22.0312 13.1694
threshold=-1.0000000180025095e-35 -1.0000000180025095e-35 -0.074836313724517808 -12.002213954925535 -2.8737926483154292 -0.034516893327236169 -0.020353615283966061 -0.0042068883776664725 0.0087892366573214548 -0.1111960895359516 14.568552970886232 6.5000000000000009 -0.36397081613540644 -16.761588096618649 -16.907661437988278 0.28652244806289678 0.099271211773157134 -0.022045589052140709 0.065544988960027709 -0.0022723987931385632 0.34097960591316229 -0.061448741704225533 -0.010714599862694739 -0.11691857874393462 -0.37606063485145563 0.00010381489846622573 -0.030160431750118729
decision_type=8 2 10 8 10 8 10 10 10 10 8 2 10 10 10 10 10 10 8 10 8 10 8 10 10 10 10
left_child=1 2 4 8 12 6 21 16 9 13 20 14 -1 -3 25 -8 -6 -9 -16 -11 -7 -5 -12 24 -10 -4 -14
right_child=-2 3 11 5 7 10 15 17 23 19 22 -13 26 -15 18 -17 -18 -19 -20 -21 -22 -23 -24 -25 -26 -27 -28
leaf_value=-0.012410102929771417 -0.023536151134033782 -0.0027992548855978287 -0.0054660746610976493 0.00065756533298998545 -0.0071348852825241314 -0.0010890183246590156 0.00042409317362451787 -0.0050248751828897605 0.004420012880557999 -0.0014923854684203309 -0.0027290421282469171 0.0058638036017834511 -0.0056728132443774936 -0.00072223428422588879 -0.0014074280117788974 0.0016656324650089625 -0.0024638260582737757 -0.0017057241441488223 0.00046477580179547404 0.0022660152979611615 0.0012706765021745019 0.0018983761952135934 -0.0095775695675044386 -0.00051746291985304736 0.0013191253441534126 -0.0018247720257619825 -0.0020722975346895798
leaf_weight=4742 2051 45978 5604 55853 13910 69502 560475 12428 8937 9710 4048 3736 10365 214857 51151 106274 11720 120759 86972 30966 20049 236275 2352 3958 7444 3312 2165
leaf_count=4742 2051 45978 5604 55853 13910 69502 560475 12428 8937 9710 4048 3736 10365 214857 51151 106274 11720 120759 86972 30966 20049 236275 2352 3958 7444 3312 2165
internal_value=-8.11114e-06 2.69373e-05 -0.00179174 0.000459457 -0.00305075 0.000770136 0.00094144 -0.00254598 -0.000557446 -0.000761154 -0.000934664 -0.000314144 -0.00747308 -0.00109416 -0.000492488 0.000623533 -0.00509842 -0.00203532 -0.000228968 0.00135431 -0.000553268 0.0016637 -0.005801 0.00239378 0.00310946 -0.00431403 -0.00517711
internal_weight=1.70559e+06 1.70354e+06 326864 1.37668e+06 176089 1.05483e+06 958877 158817 321850 301511 95951 150775 17272 260835 147039 666749 25630 133187 138123 40676 89551 292128 6400 20339 16381 8916 12530
internal_count=1705593 1703542 326864 1376678 176089 1054828 958877 158817 321850 301511 95951 150775 17272 260835 147039 666749 25630 133187 138123 40676 89551 292128 6400 20339 16381 8916 12530
is_linear=0
shrinkage=0.03


Tree=11
num_leaves=31
num_cat=0
split_feature=21 4 12 1 13 0 16 16 20 1 17 18 19 22 0 13 8 0 3 18 27 19 15 31 19 14 21 17 9 14
split_gain=1680.23 1440.15 846.905 651.326 509.44 461.884 320.358 297.661 282.312 246.531 232.878 221.806 207.161 187.946 144.862 137.884 111.27 109.586 104.122 97.7341 97.4064 97.1547 96.2069 74.0648 50.6368 45.837 41.6507 40.1658 38.6879 32.186
threshold=-1.0000000180025095e-35 -0.092331301420927034 -14.066816329956053 -0.11369013786315917 -12.072710037231444 -0.13014173507690427 -0.15688096731901166 -0.233374148607254 -0.002885043621063232 -0.46341681480407709 -0.40951630473136896 -0.1111960895359516 -0.043824065476655953 -13.499999999999998 0.028807759284973148 -12.979273796081541 -2.3743073940277095 -0.030917048454284664 -0.0016469746478833256 -0.086038056761026369 0.065544988960027709 -0.11506872624158858 -0.013895332813262938 12.214275836944582 -0.70897531509399403 -1.8640800118446348 -0.35000000894069666 -0.24098858982324597 -0.57265487313270558 -2.267993569374084
decision_type=2 8 8 10 10 10 8 10 10 10 10 10 8 2 10 10 10 10 8 10 10 10 10 8 10 10 2 10 10 10
left_child=1 3 -2 5 6 9 21 25 19 -1 23 14 -12 29 -8 26 -11 -15 -13 22 -17 28 -6 -10 -21 27 -9 -5 -3 -7
right_child=2 4 -4 7 8 13 11 15 10 16 12 18 -14 17 -16 20 -18 -19 -20 24 -22 -23 -24 -25 -26 -27 -28 -29 -30 -31
leaf_value=-0.010504643446486266 -0.0037872708720157098 -0.0007856297630808261 -0.029776194447559381 0.0055042106641826549 -0.00085428997817021631 -0.0058185053887212217 -0.001968534529868473 -0.0032097397317319407 0.0043508807992276117 -0.0073959785411224742 0.00055393014606850398 -0.0011310990893738557 -0.00085668114223869303 -0.0028269056356494938 -0.00034122763797910991 -0.0013103080872182286 -0.0029484324770408968 -0.00073430878046393808 0.0022559890687628768 0.0011536137821592659 0.0002742837265382928 -0.00090596618880786639 0.0014275074044803767 0.0012090691912258161 0.0035459126095321088 -0.00057034131886931987 -0.00056457763207096146 0.0020273075347398742 0.0032071836433311628 -0.0029906154873396581
leaf_weight=9019 2408 2070 2015 6907 17188 12792 138023 25621 16583 8104 600927 11696 110389 40660 77518 66922 16473 51966 24207 12383 71613 7453 280817 12551 28974 2159 7411 7210 24775 8535
leaf_count=9019 2408 2070 2015 6907 17188 12792 138023 25621 16583 8104 600927 11696 110389 40660 77518 66922 16473 51966 24207 12383 71613 7453 280817 12551 28974 2159 7411 7210 24775 8535
internal_value=-8.57484e-06 4.18896e-05 -0.0175098 -0.00171782 0.00047478 -0.00320646 -0.000650247 -0.000541504 0.000772928 -0.00628439 0.000443428 -0.00102271 0.000334148 -0.00227291 -0.00138682 -0.000913436 -0.00454515 -0.00166636 0.00114397 0.00148927 -0.000490986 0.00204717 0.00129368 0.00305074 0.00285912 0.00327156 -0.00264249 0.00387906 0.00287959 -0.00479497
internal_weight=1.70537e+06 1.70095e+06 4423 335392 1.36555e+06 147549 285742 187843 1.07981e+06 33596 740450 251444 711316 113953 215541 171567 24577 92626 35903 339362 138535 34298 298005 29134 41357 16276 33032 14117 26845 21327
internal_count=1705369 1700946 4423 335392 1365554 147549 285742 187843 1079812 33596 740450 251444 711316 113953 215541 171567 24577 92626 35903 339362 138535 34298 298005 29134 41357 16276 33032 14117 26845 21327
is_linear=0
shrinkage=0.03


Tree=12
num_leaves=31
num_cat=0
split_feature=0 13 1 9 16 16 8 19 14 13 29 15 13 24 8 32 23 2 9 0 19 31 6 32 0 23 15 30 29 32
split_gain=1705.27 1178.99 836.913 733.232 471.58 360.316 351.615 353.974 244.799 196.648 187.974 186.888 140.549 123.077 115.321 100.945 85.8456 74.8747 73.5633 64.9631 64.2936 49.6615 47.6074 43.6588 44.278 30.677 20.3421 20.066 16.8917 16.3611
threshold=-0.26674902439117426 -12.896576404571531 -0.36397081613540644 -0.51465147733688343 -0.26814237236976618 -0.13218434900045392 -3.0967004299163814 -0.0032354212598875161 -3.0880835056304927 -11.583602428436278 0.11762226745486261 -0.016821265220642086 -12.096263885498045 -4.4999999999999991 -1.2103501558303831 84.500000000000014 -1.3974145054817197 0.0018064543837681415 -0.69436669349670399 0.039619117975234992 -0.93011870980262745 12.434002399444582 -1.4999999999999998 124.50000000000001 0.1149735450744629 -1.3974145054817197 -0.0092987418174743635 0.0004289734060876072 0.14444950968027118 47.500000000000007
decision_type=10 10 10 10 10 10 10 8 10 8 8 10 10 2 10 10 10 10 10 10 10 8 2 10 10 10 10 8 8 10
left_child=2 5 9 6 23 17 22 11 15 -1 13 -8 -10 16 25 -6 -7 21 -4 -16 -15 -2 -3 24 -5 -12 -24 29 -20 -19
right_child=1 3 18 4 8 10 7 -9 12 -11 14 -13 -14 20 19 -17 -18 27 28 -21 -22 -23 26 -25 -26 -27 -28 -29 -30 -31
leaf_value=-0.01139907643784064 0.0010047279411707689 -0.0076045687329617268 -0.0062316634070624134 0.0026320016068649981 0.00035618591684562028 -0.0040919532880591483 -0.0030914266975401884 -0.01047752716456068 3.5671563074811303e-05 -0.024049262698240929 -0.0073129582675157253 -0.00031030804751499928 0.0010763924874836745 0.0013133033636345268 -0.0042563938904769828 -0.00084932303757760338 -0.0011727561727589574 0.003427824416015697 0.00080284476940490409 -0.0014553590980757893 -0.0014949567320131504 -0.0035548541090465904 -0.0061251768894199443 0.0077357061321491789 0.0058948329438740978 -0.0037319030859353404 -0.0025104791946101803 0.0041507973569543458 -0.0021664956025129285 0.00037981079982710148
leaf_weight=6694 4513 5048 2413 11309 145075 27699 22613 2711 141039 2037 12480 382286 697020 9793 22786 108892 14628 2102 3823 12605 24782 3247 2180 4542 7356 5275 7808 4976 2321 5149
leaf_count=6694 4513 5048 2413 11309 145075 27699 22613 2711 141039 2037 12480 382286 697020 9793 22786 108892 14628 2102 3823 12605 24782 3247 2180 4542 7356 5275 7808 4976 2321 5149
internal_value=-2.53143e-06 9.46414e-05 -0.00924285 0.000342732 0.000746049 -0.00243902 -0.000720413 -0.000550041 0.000654535 -0.0155257 -0.00301474 -0.000469991 0.00090173 -0.00203752 -0.00439102 -0.000160168 -0.00311557 0.00127452 -0.00229588 -0.0033013 -0.000683611 -0.000966506 -0.00515337 0.00493502 0.0040538 -0.00639682 -0.00358243 0.00270248 -0.000352346 0.00146623
internal_weight=1.7052e+06 1.68791e+06 17288 1.53788e+06 1.11523e+06 150035 422646 407610 1.09203e+06 8731 130048 404899 838059 76902 53146 253967 42327 19987 8557 35391 34575 7760 15036 23207 18665 17755 9988 12227 6144 7251
internal_count=1705202 1687914 17288 1537879 1115233 150035 422646 407610 1092026 8731 130048 404899 838059 76902 53146 253967 42327 19987 8557 35391 34575 7760 15036 23207 18665 17755 9988 12227 6144 7251
is_linear=0
shrinkage=0.03


Tree=13
num_leaves=31
num_cat=0
split_feature=0 13 1 9 16 19 16 14 9 13 18 18 13 16 0 24 17 18 13 32 28 27 2 5 31 2 18 1 5 17
split_gain=1548.29 1078.66 998.285 541.334 414.135 302.322 283.838 228.658 213.078 204.171 186.07 174.202 164.365 140.305 137.254 163.389 156.386 127.179 117.791 93.6067 78.5273 78.4461 59.1505 53.4885 50.4776 50.0162 38.3181 35.2197 34.5364 28.8735
threshold=-0.16459327936172483 -12.870800971984862 -0.56995189189910878 -0.51465147733688343 -0.25730341672897333 -0.0032354212598875161 -0.1303976699709892 -3.0756980180740352 -0.92139858007431019 -11.706358432769774 -0.27485078573226923 -0.15725573152303693 -11.281002521514891 -0.034548489376902573 0.0028343796730041508 -4.4999999999999991 0.31345014274120336 -0.093255639076232896 -12.302822589874266 73.500000000000014 -0.0093521829694509489 0.07592471688985826 0.0018064543837681415 0.26266483962535864 12.621304988861086 -0.016140753403306004 -0.060103647410869591 0.044425070285797126 -0.27996748685836786 0.32930262386798864
decision_type=10 8 10 10 8 8 10 10 10 8 10 10 10 8 10 2 10 10 10 8 8 10 10 10 8 10 10 8 10 10
left_child=2 6 9 5 21 10 22 17 -4 -1 12 -9 -3 -10 15 23 -17 -6 -12 -16 -21 24 27 -8 -5 29 -27 -2 -23 -15
right_child=1 3 8 4 7 -7 14 11 13 -11 18 -13 -14 25 19 16 -18 -19 -20 20 -22 28 -24 -25 -26 26 -28 -29 -30 -31
leaf_value=-0.01032251653694163 0.0017919654534021762 -0.0016746980062410442 -0.0085021958009265704 0.0033144376432496449 -0.00038737726834564426 -0.0096730918149180896 -0.0056467116578318328 0.00071323083033491663 0.0011626146351489315 -0.022630759785721148 -0.001437204785646016 0.0020556582583091685 -0.00013324420907232469 -0.0080253696138150726 -0.0006857390324776782 -0.0031095655005056017 0.0025082389041244765 0.001807053786653054 0.00072269842665144087 -0.00098326931970926963 -0.0040255375147582109 0.0064853191548223058 0.0021939339800945965 -0.0018296732949797834 -0.0017805340194116928 -0.0031832423680863342 0.0001404419566530331 -0.0022511549152164213 0.0035728098023089148 -0.0025375027173476904
leaf_weight=6789 2312 137297 5186 3571 225555 2746 30309 724703 8328 2083 27046 99010 114561 2624 33550 21387 5139 26041 128298 12756 21570 10887 12737 4663 2566 11677 3915 5683 10420 2403
leaf_count=6789 2312 137297 5186 3571 225555 2746 30309 724703 8328 2083 27046 99010 114561 2624 33550 21387 5139 26041 128298 12756 21570 10887 12737 4663 2566 11677 3915 5683 10420 2403
internal_value=-4.37976e-06 0.000141575 -0.00559145 0.000382685 0.000728741 -0.000547221 -0.00227944 0.000634395 -0.00314613 -0.0142975 -0.000473156 0.000876103 -0.000976389 -0.0020483 -0.00280086 -0.00383289 -0.00198383 -0.000155923 0.000341321 -0.00184023 -0.00293395 0.00433715 0.000949568 -0.00517919 0.00116528 -0.00335622 -0.00235162 -0.00100999 0.00518932 -0.00592322
internal_weight=1.70581e+06 1.66281e+06 43005 1.5127e+06 1.10275e+06 409948 150106 1.07531e+06 34133 8872 407202 823713 251858 28947 129374 61498 26526 251596 155344 67876 34326 27444 20732 34972 6137 20619 15592 7995 21307 5027
internal_count=1705812 1662807 43005 1512701 1102753 409948 150106 1075309 34133 8872 407202 823713 251858 28947 129374 61498 26526 251596 155344 67876 34326 27444 20732 34972 6137 20619 15592 7995 21307 5027
is_linear=0
shrinkage=0.03


Tree=14
num_leaves=31
num_cat=0
split_feature=21 2 12 16 23 12 9 18 2 15 8 16 20 18 8 11 31 19 29 17 8 10 8 15 32 24 23 9 1 27
split_gain=1409.77 1192.25 729.898 489.45 463.876 388.689 398.507 240.421 204.035 184.41 162.907 132.902 119.063 166.383 109.598 103.531 91.2528 94.5816 78.0471 77.1377 75.2772 71.7132 59.9141 43.3593 41.7361 38.7299 32.1275 31.4107 15.9866 8.56163
threshold=-1.0000000180025095e-35 -0.0083002704195678217 -14.104099273681639 -0.19262676686048505 -1.9502196311950681 -16.907661437988278 -0.56006106734275807 -0.10077995806932448 -0.017048917710781094 -0.02272701263427734 -3.0967004299163814 -0.29940402507781977 0.24042600393295291 -0.10077995806932448 -1.4397476911544798 -0.0091450908221304399 13.751607418060305 -0.15930993854999539 0.0036228026729077105 -0.35268484055995936 -1.2515397667884824 -0.028101672418415543 -1.6534969210624693 -0.0087337493896484358 73.500000000000014 -16.499999999999996 -3.1864943504333492 -0.33368945121765131 -0.40720117092132563 0.088578887283802046
decision_type=2 10 8 8 8 10 10 10 10 10 8 10 10 10 10 10 8 10 8 10 10 10 10 10 8 2 10 10 8 10
left_child=1 4 -2 11 8 18 10 -8 22 14 -7 15 13 -11 -6 21 19 -18 27 -13 -14 -3 -1 29 -20 -16 -25 -5 -24 -10
right_child=2 3 -4 5 9 6 7 -9 23 12 -12 16 20 -15 25 -17 17 -19 24 -21 -22 -23 28 26 -26 -27 -28 -29 -30 -31
leaf_value=-0.0095385416870361773 -0.0032285427166952462 0.0036827099578163099 -0.02744092625484142 -0.001741575345463631 -0.0071458421546836031 -0.0045123398455026876 0.00041443710963450956 0.0022868016092455578 -0.0057840950784668627 -0.0018611887221143329 -0.00060262097375272797 0.0036440004606814926 -0.0008389528967021572 0.00083230012577253031 0.00052997359893045351 -0.0013313787294256774 0.0020626844497586448 -0.0031767306538607334 -0.002228577301118122 0.0015126357614537644 0.0032078625321043473 0.0083038994699882549 -0.0017550563992794119 -0.0047166955218212762 -0.0047637157237758847 -0.003254675525194576 -0.0019316126292219988 0.001051993867010525 -0.0058126660071693781 -0.0028387165131887183
leaf_weight=7932 2354 11154 2014 10585 6522 9499 1011475 65378 7022 87703 267204 21966 6777 26451 3232 2086 5398 6010 13870 55853 9156 5193 2104 4948 13691 7003 20740 4838 4080 3478
leaf_count=7932 2354 11154 2014 10585 6522 9499 1011475 65378 7022 87703 267204 21966 6777 26451 3232 2086 5398 6010 13870 55853 9156 5193 2104 4948 13691 7003 20740 4838 4080 3478
internal_value=-4.45106e-06 4.1488e-05 -0.0161259 0.00032939 -0.0021489 0.000178514 0.00026831 0.000529399 -0.00462455 -0.00128598 -0.000745818 0.00227388 -0.000892593 -0.00123355 -0.00420815 0.00458192 0.00177085 -0.000689856 -0.00261283 0.00213751 0.00149517 0.00537143 -0.00767797 -0.00333691 -0.00356105 -0.0020626 -0.00255934 -0.000840911 -0.00471158 -0.00500913
internal_weight=1.70572e+06 1.70135e+06 4368 1.5042e+06 197148 1.39654e+06 1.35356e+06 1.07685e+06 50304 146844 276703 107660 130087 114154 16757 18433 89227 11408 42984 77819 15933 16347 14116 36188 27561 10235 25688 15423 6184 10500
internal_count=1705716 1701348 4368 1504200 197148 1396540 1353556 1076853 50304 146844 276703 107660 130087 114154 16757 18433 89227 11408 42984 77819 15933 16347 14116 36188 27561 10235 25688 15423 6184 10500
is_linear=0
shrinkage=0.03


Tree=15
num_leaves=30
num_cat=0
split_feature=4 13 8 8 16 16 18 13 13 12 6 2 2 29 27 18 15 24 0 23 18 16 29 32 0 25 0 12 8
split_gain=1426.8 1187.81 584.472 507.622 350.957 316.089 304.865 276.286 209.54 208.51 195.07 194.964 127.314 121.293 99.6912 94.4727 80.7561 63.1663 57.2326 56.2181 49.1394 36.6745 35.3841 27.2984 23.1681 17.6955 12.8889 6.6626 5.02647
threshold=1.0000000180025095e-35 -12.513070583343504 -2.4653966426849361 -1.5762252211570738 -0.14149632304906842 -0.22076833993196485 -0.19212298840284345 -11.475680828094481 -13.073032855987547 -13.273291587829588 -1.4999999999999998 -0.017048917710781094 -0.012369651813060044 -0.015888524241745468 0.07592471688985826 -0.23129747807979581 -0.011066913604736326 -2.4999999999999996 -0.13697075843811032 -1.576338469982147 -0.13828317821025846 -0.18899485468864438 0.22231211513280871 161.50000000000003 -0.015213906764984129 -0.40472044050693506 -0.091554403305053697 -14.763678550720213 -2.060709953308105
decision_type=8 8 10 10 8 8 10 10 10 10 2 10 10 8 10 10 10 2 10 10 8 10 8 8 10 10 10 10 10
left_child=1 3 10 11 19 9 7 -7 13 14 18 24 -8 -6 -4 -10 26 23 -3 25 -18 -21 -19 -13 28 -5 -12 -20 -1
right_child=-2 2 5 4 8 6 12 -9 15 -11 16 17 -14 -15 -16 -17 20 22 27 21 -22 -23 -24 -25 -26 -27 -28 -29 -30
leaf_value=-0.011114821319093211 -0.022610805768194846 -0.010620900422551845 0.0010960125874593994 -0.0015020196556161573 -0.0010636971114384574 -0.00047229550631539382 -0.0019175006363893535 0.00052028503138937449 -0.0016016508577325693 -0.0055625347007072223 -0.0064544011206709197 -0.0037625728584524806 0.0014348789037452927 -0.0036273073286718139 0.0038987282727488159 9.2632353305069286e-05 -0.0019533779345167856 -0.00090276344527422277 -0.0023421367706928419 0.003079750986154465 0.0014573019463564598 0.00078032814261095348 -0.0048807621537827412 -0.0068750823061129391 -0.0041911233959911051 0.001424110156509828 -0.0022553057467907763 -0.0058872975828054529 -0.0059988549823631662
leaf_weight=3891 2013 3214 17591 5681 24937 404831 10142 667838 66628 2197 3460 21686 245768 55390 37221 52345 17651 11288 2508 16372 4313 11257 2151 4051 2492 2118 2041 2022 3083
leaf_count=3891 2013 3214 17591 5681 24937 404831 10142 667838 66628 2197 3460 21686 245768 55390 37221 52345 17651 11288 2508 16372 4313 11257 2151 4051 2492 2118 2041 2022 3083
internal_value=-2.23038e-05 1.08265e-05 0.000364855 -0.00176071 -0.00117557 0.000462553 0.000367886 0.000145355 -0.0016652 0.00264115 -0.00342409 -0.00453756 0.00129737 -0.00284667 0.00302271 -0.000856432 -0.00214668 -0.00350957 -0.00751321 0.00155534 -0.00125275 0.00218408 -0.00171323 -0.0043856 -0.00837236 -0.000633289 -0.00526415 -0.00441211 -0.00944596
internal_weight=1.70618e+06 1.70417e+06 1.4208e+06 283370 234728 1.38559e+06 1.32858e+06 1.07267e+06 199300 57009 35209 48642 255910 80327 54812 118973 27465 39176 7744 35428 21964 27629 13439 25737 9466 7799 5501 4530 6974
internal_count=1706180 1704167 1420797 283370 234728 1385588 1328579 1072669 199300 57009 35209 48642 255910 80327 54812 118973 27465 39176 7744 35428 21964 27629 13439 25737 9466 7799 5501 4530 6974
is_linear=0
shrinkage=0.03


Tree=16
num_leaves=26
num_cat=0
split_feature=4 4 8 12 16 6 16 29 18 12 20 27 17 15 16 8 24 19 30 1 27 14 33 18 29
split_gain=1262.92 1135.79 536.094 363.571 341.388 328.516 313.61 311.547 223.664 208.834 159.467 136.505 108.366 101.446 88.1236 69.1979 64.332 63.8645 41.5006 38.9533 36.3954 25.1126 20.8057 12.8381 7.99674
threshold=-1.0000000180025095e-35 -0.094242721796035753 -1.6534969210624693 -12.668993949890135 -0.22658324986696241 -2.4999999999999996 -0.233374148607254 0.10389846190810205 -0.093255639076232896 -16.826973915100094 -1.6173052787780759 0.09890425950288774 -0.40009537339210505 -0.01247960329055786 0.15989629924297336 -2.4653966426849361 -4.4999999999999991 -0.12882473319768903 -0.08009582012891768 -0.10130351781845091 0.07592471688985826 -2.1071780920028682 1.0000000180025095e-35 -0.54801854491233815 -0.0071437994483858338
decision_type=8 10 10 8 8 2 8 8 10 10 8 8 10 10 8 10 2 10 10 10 10 10 10 10 8
left_child=1 2 5 4 12 14 18 8 -6 -9 24 -12 20 19 22 -16 -15 -14 21 -7 -3 -4 -1 -20 -8
right_child=-2 3 6 -5 7 13 10 9 -10 -11 11 -13 17 16 15 -17 -18 -19 23 -21 -22 -23 -24 -25 -26
leaf_value=-0.0058952796709967094 -0.021123850880184779 0.0024241909441997909 0.0022060811696738717 -0.010534317512215978 0.00047229638301804597 -0.0057882947814738668 -0.0032202559402056321 -0.0033927411751149021 0.0022784976082080815 -0.00027388790739938556 -0.0014856802511022797 0.00015411662974512162 0.003180531286012255 -0.004007811477372075 -0.013097804806556323 -0.0055707527157970258 -0.0014304893501945301 0.00056481322296504199 0.0054273484985271486 -0.0014893501483499005 0.006606712862585613 -0.0013497795156801689 -0.0020768513750339603 0.0024837968747457545 -0.0076639330815139123
leaf_weight=6960 2047 3842 5426 2232 930993 10636 2110 20154 65767 309130 159936 63314 19017 11222 3558 3544 42198 15767 5173 3045 7828 2055 2806 4402 2763
leaf_count=6960 2047 3842 5426 2232 930993 10636 2110 20154 65767 309130 159936 63314 19017 11222 3558 3544 42198 15767 5173 3045 7828 2055 2806 4402 2763
internal_value=-1.45839e-05 1.67898e-05 -0.00156459 0.000396066 0.000417889 -0.00362761 -0.000850885 0.000328487 0.000592854 -0.000470543 -0.00114702 -0.00101999 0.00293284 -0.0026434 -0.0073367 -0.00999461 -0.00200962 0.00202818 0.00301262 -0.00493888 0.00541056 0.00116834 -0.00498197 0.00429428 -0.00627439
internal_weight=1.70592e+06 1.70388e+06 329148 1.37473e+06 1.3725e+06 83969 245179 1.32604e+06 996760 329284 228123 223250 46454 67101 16868 7102 53420 34784 17056 13681 11670 7481 9766 9575 4873
internal_count=1705925 1703878 329148 1374730 1372498 83969 245179 1326044 996760 329284 228123 223250 46454 67101 16868 7102 53420 34784 17056 13681 11670 7481 9766 9575 4873
is_linear=0
shrinkage=0.03


Tree=17
num_leaves=31
num_cat=0
split_feature=0 2 1 9 19 23 16 12 12 17 11 0 12 9 19 2 15 23 14 9 0 11 8 2 5 15 25 16 0 0
split_gain=1353.71 826.351 670.869 388.809 379.037 374.195 306.901 210.121 196.352 186.451 181.605 162.901 147.684 137.074 110.073 99.2918 99.1191 96.3049 87.2656 61.2616 52.5511 52.8499 42.7214 37.4435 33.7783 31.9164 25.8452 24.8374 22.466 22.4038
threshold=-0.26674902439117426 -0.0081410678103566152 -0.46341681480407709 -0.40615528821945185 -1.0000000180025095e-35 -1.9502196311950681 -0.28217040002346033 -16.405456542968746 -16.953179359436032 -0.074288934469223009 -0.0064508111681789151 -0.071074545383453355 -16.276276588439938 -0.49684694409370417 -0.061966467648744576 -0.014779508113861082 -0.021534264087676998 -1.0260135531425474 -4.8072943687438956 -0.68739110231399525 -0.0028656125068664546 -0.016578442417085167 -1.4021266698837278 -0.011655701790004967 0.70064616203308117 -0.0059212446212768546 -0.69157484173774708 0.076216816902160658 0.061281204223632819 0.12526589632034305
decision_type=10 10 10 10 10 10 10 10 10 10 8 10 10 10 10 10 10 10 10 10 10 10 10 10 8 10 10 10 10 10
left_child=2 5 10 4 8 15 24 18 28 -10 -1 16 17 -14 -9 20 22 -13 -8 -4 21 -2 -7 -18 29 -17 -27 -21 -3 -5
right_child=1 3 19 6 -6 11 7 14 9 -11 -12 12 13 -15 -16 25 23 -19 -20 27 -22 -23 -24 -25 -26 26 -28 -29 -30 -31
leaf_value=-0.010085495353879948 -0.0083346541591260148 -0.003981674706297126 -0.0058500374197430743 0.0013648211909798801 -0.011016623982199335 -0.0068845133309066745 -0.0052595314483855808 0.0011094024197587631 -0.00042594582730233591 0.00053571065232177093 -0.022387039915922006 -0.0034056700044445168 -0.001324438984006428 0.0013793141702280033 4.2785444964180822e-05 -0.0042258692429619814 -0.0024783422889474525 0.00098276135025964113 -0.00044093750300808524 0.00041357740973267719 -0.003153113152668096 -0.0031422726556408231 -0.0025574560402821388 -0.00065042010961332945 0.0064692567754740284 0.00043069499877047639 -0.0024610156603403228 -0.0032315585220199145 -0.00072179230743746044 0.0049342195020613535
leaf_weight=5583 8320 12211 3075 4332 2371 4986 3053 522484 434172 310937 2053 17169 25442 47603 105229 10272 21594 5656 82994 4514 6652 3569 5293 20463 7698 2945 16974 2005 2812 3151
leaf_count=5583 8320 12211 3075 4332 2371 4986 3053 522484 434172 310937 2053 17169 25442 47603 105229 10272 21594 5656 82994 4514 6652 3569 5293 20463 7698 2945 16974 2005 2812 3151
internal_value=9.3134e-06 9.60571e-05 -0.00823686 0.000337565 -0.000135697 -0.00172763 0.000832782 0.000740516 -9.41431e-05 -2.41502e-05 -0.0146023 -0.000968417 -0.000226568 0.0004309 0.00093125 -0.00399719 -0.00230667 -0.00230761 -0.000644768 -0.00266844 -0.00574805 -0.00698987 -0.00490619 -0.0016141 0.00498977 -0.00283605 -0.00201871 -0.000815127 -0.00343372 0.00312034
internal_weight=1.70561e+06 1.68838e+06 17230 1.49144e+06 762503 196938 728941 713760 760132 745109 7636 148206 95870 73045 627713 48732 52336 22825 86047 9594 18541 11889 10279 42057 15181 30191 19919 6519 15023 7483
internal_count=1705612 1688382 17230 1491444 762503 196938 728941 713760 760132 745109 7636 148206 95870 73045 627713 48732 52336 22825 86047 9594 18541 11889 10279 42057 15181 30191 19919 6519 15023 7483
is_linear=0
shrinkage=0.03


Tree=18
num_leaves=31
num_cat=0
split_feature=4 2 13 9 8 16 24 17 16 9 5 23 13 8 27 14 17 14 13 9 23 17 13 11 29 16 11 23 23 31
split_gain=1243.86 1051.47 472.428 407.375 301.161 300.472 289.388 285.318 268.148 196.972 117.034 118.542 114.641 94.0126 93.6741 90.1819 88.0891 84.3503 76.9098 62.6208 62.5047 61.6807 109.828 61.2673 58.6297 48.7385 33.3879 26.3068 24.5466 18.0667
threshold=1.0000000180025095e-35 -0.010734138078987597 -12.513070583343504 -0.67380017042160023 -1.3680359721183775 -0.233374148607254 -3.4999999999999996 -0.056435201317071908 -0.14350491762161252 -1.2479828000068662 0.12475526705384256 -1.4359598159790037 -13.008988380432127 -3.0967004299163814 0.07592471688985826 -3.0147993564605708 -0.069013494998216615 -3.2605935335159297 -12.870800971984862 -0.34778283536434168 -1.6324515938758848 0.26021252572536474 -12.158963680267332 -0.023222441785037514 -0.050765464082360261 -0.26814237236976618 -0.022045589052140709 -1.1445865035057066 -1.576338469982147 12.866778373718263
decision_type=8 8 8 10 10 8 2 10 8 10 10 10 8 10 10 10 10 8 10 10 10 10 10 10 8 10 10 10 10 8
left_child=1 4 8 9 6 14 13 -7 20 -4 11 18 24 -1 -5 28 -11 -13 -6 -14 26 22 -8 -15 -10 -22 -3 -17 -12 -23
right_child=-2 2 3 5 10 7 21 -9 12 16 15 17 19 23 -16 27 -18 -19 -20 -21 25 29 -24 -25 -26 -27 -28 -29 -30 -31
leaf_value=-0.010712889513899112 -0.021094720628891828 -0.0036612592060564129 -0.0068572884231422639 0.00084594397522223591 -0.0052417728777113216 0.00018439093805325206 -0.004720985580807564 0.0011643841922358079 -0.0008864235229235428 -0.0014639404269699409 -0.0035780802586493714 -0.0024320878620316916 -0.0012857492486027446 -0.0082662143944420459 0.0040331890649682334 0.0047954942127112132 0.00013385493367015669 0.0008633570787090326 -0.0014823797585757578 0.00034599354951524652 0.0042639686986374846 0.0028600110312693248 -0.00044510319178750772 -0.0044239206312750613 -0.002849473615097312 0.0012439900023029275 0.00045021715045908247 0.00064105112416830217 8.4341725774652601e-05 -0.00048485649162326373
leaf_weight=3557 2014 2358 4689 12341 10845 774358 9773 408847 19200 83866 2034 11539 80344 5560 29052 4553 48505 16077 10072 28074 6327 2297 12023 24347 58849 20659 4185 2368 4212 2514
leaf_count=3557 2014 2358 4689 12341 10845 774358 9773 408847 19200 83866 2034 11539 80344 5560 29052 4553 48505 16077 10072 28074 6327 2297 12023 24347 58849 20659 4185 2368 4212 2514
internal_value=-8.1316e-06 2.28062e-05 0.000230116 0.000438742 -0.00265736 0.000612576 -0.00416389 0.000523622 -0.00105788 -0.00110882 -0.0011641 -0.00184381 -0.00150259 -0.00600862 0.00311154 0.00129514 -0.000877898 -0.000521697 -0.00352242 -0.000860819 0.00139226 -0.00176466 -0.00243868 -0.00527229 -0.0023791 0.00202764 -0.00114363 0.00355345 -0.00124065 0.00117456
internal_weight=1.70544e+06 1.70342e+06 1.58165e+06 1.36166e+06 121771 1.2246e+06 60071 1.1832e+06 219996 137060 61700 48533 186467 33464 41393 13167 132371 27616 20917 108418 33529 26607 21796 29907 78049 26986 6543 6921 6246 4811
internal_count=1705439 1703425 1581654 1361658 121771 1224598 60071 1183205 219996 137060 61700 48533 186467 33464 41393 13167 132371 27616 20917 108418 33529 26607 21796 29907 78049 26986 6543 6921 6246 4811
is_linear=0
shrinkage=0.03


Tree=19
num_leaves=31
num_cat=0
split_feature=0 2 1 9 16 6 16 12 12 11 20 10 18 12 11 18 16 18 24 0 9 22 27 12 27 5 31 18 31 24
split_gain=1227.9 762.612 599.129 355.635 322.175 273.975 227.584 223.423 209.254 181.862 173.313 149.47 141.34 132.966 131.693 144.603 84.7799 80.9104 76.2982 68.4336 58.2683 57.9139 56.4389 54.0469 41.0027 54.5636 44.8077 34.6518 26.3172 22.387
threshold=-0.26674902439117426 -0.0077923967037349931 -0.40720117092132563 -0.51465147733688343 -0.26814237236976618 -1.4999999999999998 -0.074135258793830858 -16.454265594482418 -12.668993949890135 -0.0063153898809105149 -0.015382707118988035 -0.15016520023345944 -0.12081054970622061 -16.826973915100094 -0.022582968696951863 -0.086038056761026369 -0.16700959205627439 -0.54801854491233815 -18.499999999999996 0.0032862424850463872 -0.70969113707542408 -11.499999999999998 0.09890425950288774 -16.237792968749996 0.076657697558403029 -0.30295473337173456 12.641744613647463 -0.49455606937408442 11.467958927154543 -5.4999999999999991
decision_type=10 8 10 8 10 2 10 8 10 8 10 10 10 10 10 10 10 10 2 10 10 2 10 10 10 10 8 10 10 2
left_child=2 5 9 8 24 6 18 16 12 -1 -9 14 13 -3 22 -16 -6 -8 27 -19 -4 -14 -7 29 26 -26 -5 -2 -25 -13
right_child=1 3 20 4 7 11 17 10 -10 -11 -12 23 21 -15 15 -17 -18 19 -20 -21 -22 -23 -24 28 25 -27 -28 -29 -30 -31
leaf_value=-0.0094733507002472597 0.0054806587413147381 -0.0043805031871463852 -0.0057427301050804224 0.0034171363971591006 0.0022993705759811888 -0.0071170677378283977 0.000599896224240268 0.0012317698907830493 -0.0075377121376902102 -0.021320504859813356 0.00037358819920041566 -0.0033268518618519796 -0.0014258122944240509 -0.0004740051372314487 -0.0016421132797526784 0.00084637706609542269 -0.00097332289253386094 -0.0053474188920097226 -0.0022385115031832515 -0.002670124467240791 -0.00056944262525494751 0.0021578431985015988 -0.0011708713433134369 0.0038618646958209733 0.0060230999038535515 0.0025871357951342757 -0.0018754817106689727 0.0002283330016336954 0.0011970619212248624 0.00029961784777832423
leaf_weight=6130 2708 7558 2501 2892 7123 4485 2774 318431 3238 2041 637431 2286 4372 344790 98403 26174 104778 29718 2902 15246 6481 24687 2526 4507 10663 9355 2001 2007 14428 2943
leaf_count=6130 2708 7558 2501 2892 7123 4485 2774 318431 3238 2041 637431 2286 4372 344790 98403 26174 104778 29718 2902 15246 6481 24687 2526 4507 10663 9355 2001 2007 14428 2943
internal_value=-8.02093e-06 7.40758e-05 -0.00787928 0.000315413 0.000591639 -0.00161013 -0.00341651 0.000511608 -0.00046824 -0.013526 0.000660287 -0.00095734 -0.000397647 -0.00056474 -0.00135633 -0.00111558 -0.000753031 -0.00418069 0.00129838 -0.00448557 -0.00226843 0.00159353 -0.00523521 0.00118671 0.00393264 0.00453417 0.00122387 0.00353871 0.00192982 -0.00138541
internal_weight=1.70558e+06 1.68843e+06 17153 1.47732e+06 1.09267e+06 211107 55355 1.06776e+06 384645 8171 955862 155752 381407 352348 131588 124577 111901 47738 7617 44964 8982 29059 7011 24164 24911 20018 4893 4715 18935 5229
internal_count=1705579 1688426 17153 1477319 1092674 211107 55355 1067763 384645 8171 955862 155752 381407 352348 131588 124577 111901 47738 7617 44964 8982 29059 7011 24164 24911 20018 4893 4715 18935 5229
is_linear=0
shrinkage=0.03


Tree=20
num_leaves=31
num_cat=0
split_feature=0 1 13 9 19 16 16 18 11 16 13 1 27 18 0 16 24 2 0 9 17 9 17 15 18 22 20 22 3 22
split_gain=1133.54 866.518 800.377 333.816 375.472 307.336 243.64 238.08 226.961 189.188 182.006 151.891 131.927 116.715 113.368 105.624 92.402 84.9625 84.9024 77.2365 72.5318 72.1842 65.4825 58.3753 55.5515 55.223 52.2996 51.6061 50.068 39.4873
threshold=-0.13697075843811032 -0.46341681480407709 -12.513070583343504 -0.40891726315021509 -1.0000000180025095e-35 -0.10654117912054061 -0.28217040002346033 -0.13561969995498654 -0.0058607512619346372 -0.19262676686048505 -13.142871379852293 -0.19999998807907102 0.09314396977424623 -0.10430943965911864 0.029393672943115238 -0.05323622748255729 -3.4999999999999996 0.0094183324836194533 0.044150322675704963 -0.59050005674362172 0.32930262386798864 -0.53444775938987721 0.27204155921936041 -0.030253410339355465 -0.53398334980010975 -13.499999999999998 0.25202345848083502 -6.4999999999999991 -0.00061796902446076263 -15.499999999999998
decision_type=10 10 10 8 10 10 8 8 8 10 10 10 8 10 10 10 2 10 10 10 10 10 10 10 10 2 8 2 10 2
left_child=1 8 5 4 7 17 -5 9 23 -4 16 20 15 14 -12 -8 18 21 -7 -13 27 -2 -18 -1 -21 -9 -14 -3 -22 -15
right_child=2 11 3 6 -6 10 12 25 -10 -11 13 19 26 29 -16 -17 22 -19 -20 24 28 -23 -24 -25 -26 -27 -28 -29 -30 -31
leaf_value=-0.012232251787588855 -0.0024679687607189224 -0.0075001335310017755 0.0020302840588756711 0.0051042804905605211 -0.01104800367687574 -0.0045472489936260862 0.00027239748001651472 -0.00096925218796515655 -0.0197937062007747 -0.00029033932761601789 -0.0023408883493723194 -0.0027788057567836497 0.0014450818116876617 -0.0024809050392836512 -0.00035856058698282466 0.0010687534663213715 -0.0020304441218708751 0.0032417886940731976 -0.0019835923313335324 0.0033771068673652529 -0.0045422953897981521 0.00072189327231422481 0.0023102273481752527 -0.0060859279653864623 -0.00047658700077820237 0.0019159799141304978 0.0033187177620074993 -0.0032241157600132117 0.00075284318536583846 0.0012330274423363137
leaf_weight=2929 7377 6126 32854 11757 2271 36574 287923 6125 2009 600915 70536 11107 39017 2442 41864 316084 15197 9233 19484 3680 2057 33035 3405 7446 16574 64885 22221 6911 3832 19478
leaf_count=2929 7377 6126 32854 11757 2271 36574 287923 6125 2009 600915 70536 11107 39017 2442 41864 316084 15197 9233 19484 3680 2057 33035 3405 7446 16574 64885 22221 6911 3832 19478
internal_value=-8.7621e-06 -0.0039525 0.000142673 0.000429188 -2.63661e-05 -0.00138735 0.000905073 1.65306e-05 -0.0109101 -0.000168062 -0.00189096 -0.00214263 0.000826632 -0.00121972 -0.00161007 0.000690176 -0.00307844 0.000724316 -0.00368692 -0.000824661 -0.00423366 0.000109222 -0.00118053 -0.00833133 0.000273637 0.00165788 0.00215119 -0.00545836 -0.0012605 0.000759795
internal_weight=1.70535e+06 62671 1.64268e+06 1.38405e+06 707050 258625 677002 704779 12384 633769 208980 50287 665245 134320 112400 604007 74660 49645 56058 31361 18926 40412 18602 10375 20254 71010 61238 13037 5889 21920
internal_count=1705348 62671 1642677 1384052 707050 258625 677002 704779 12384 633769 208980 50287 665245 134320 112400 604007 74660 49645 56058 31361 18926 40412 18602 10375 20254 71010 61238 13037 5889 21920
is_linear=0
shrinkage=0.03


end of trees

feature_importances:
Column_16=48
Column_0=43
Column_8=35
Column_13=34
Column_18=34
Column_2=32
Column_12=29
Column_1=28
Column_9=27
Column_19=27
Column_17=22
Column_23=21
Column_27=21
Column_15=19
Column_14=17
Column_24=17
Column_4=16
Column_11=14
Column_29=14
Column_20=13
Column_31=13
Column_32=13
Column_6=12
Column_5=10
Column_25=8
Column_3=7
Column_7=6
Column_22=6
Column_30=4
Column_21=3
Column_28=3
Column_10=2
Column_26=2
Column_33=1

parameters:
[boosting: gbdt]
[objective: regression]
[metric: l2]
[tree_learner: serial]
[device_type: cpu]
[data_sample_strategy: bagging]
[data: ]
[valid: ]
[num_iterations: 2000]
[learning_rate: 0.03]
[num_leaves: 31]
[num_threads: 2]
[seed: 2]
[deterministic: 0]
[force_col_wise: 0]
[force_row_wise: 0]
[histogram_pool_size: -1]
[max_depth: 6]
[min_data_in_leaf: 2000]
[min_sum_hessian_in_leaf: 0.001]
[bagging_fraction: 0.8]
[pos_bagging_fraction: 1]
[neg_bagging_fraction: 1]
[bagging_freq: 1]
[bagging_seed: 29216]
[bagging_by_query: 0]
[feature_fraction: 0.8]
[feature_fraction_bynode: 1]
[feature_fraction_seed: 17795]
[extra_trees: 0]
[extra_seed: 19650]
[early_stopping_round: 0]
[early_stopping_min_delta: 0]
[first_metric_only: 0]
[max_delta_step: 0]
[lambda_l1: 10]
[lambda_l2: 500]
[linear_lambda: 0]
[min_gain_to_split: 0]
[drop_rate: 0.1]
[max_drop: 50]
[skip_drop: 0.5]
[xgboost_dart_mode: 0]
[uniform_drop: 0]
[drop_seed: 24198]
[top_rate: 0.2]
[other_rate: 0.1]
[min_data_per_group: 100]
[max_cat_threshold: 32]
[cat_l2: 10]
[cat_smooth: 10]
[max_cat_to_onehot: 4]
[top_k: 20]
[monotone_constraints: ]
[monotone_constraints_method: basic]
[monotone_penalty: 0]
[feature_contri: ]
[forcedsplits_filename: ]
[refit_decay_rate: 0.9]
[cegb_tradeoff: 1]
[cegb_penalty_split: 0]
[cegb_penalty_feature_lazy: ]
[cegb_penalty_feature_coupled: ]
[path_smooth: 0]
[interaction_constraints: ]
[verbosity: -1]
[saved_feature_importance_type: 0]
[use_quantized_grad: 0]
[num_grad_quant_bins: 4]
[quant_train_renew_leaf: 0]
[stochastic_rounding: 1]
[linear_tree: 0]
[max_bin: 255]
[max_bin_by_feature: ]
[min_data_in_bin: 3]
[bin_construct_sample_cnt: 200000]
[data_random_seed: 45]
[is_enable_sparse: 1]
[enable_bundle: 1]
[use_missing: 1]
[zero_as_missing: 0]
[feature_pre_filter: 1]
[pre_partition: 0]
[two_round: 0]
[header: 0]
[label_column: ]
[weight_column: ]
[group_column: ]
[ignore_column: ]
[categorical_feature: ]
[forcedbins_filename: ]
[precise_float_parser: 0]
[parser_config_file: ]
[objective_seed: 29484]
[num_class: 1]
[is_unbalance: 0]
[scale_pos_weight: 1]
[sigmoid: 1]
[boost_from_average: 1]
[reg_sqrt: 0]
[alpha: 0.9]
[fair_c: 1]
[poisson_max_delta_step: 0.7]
[tweedie_variance_power: 1.5]
[lambdarank_truncation_level: 30]
[lambdarank_norm: 1]
[label_gain: ]
[lambdarank_position_bias_regularization: 0]
[eval_at: ]
[multi_error_top_k: 1]
[auc_mu_weights: ]
[num_machines: 1]
[local_listen_port: 12400]
[time_out: 120]
[machine_list_filename: ]
[machines: ]
[gpu_platform_id: -1]
[gpu_device_id: -1]
[gpu_device_id_list: ]
[gpu_use_dp: 0]
[num_gpu: 1]

end of parameters

pandas_categorical:null
